lastAccountName: Rina
timestamps:
  login: 1641141889352
  logout: 1641137599758
  lastteleport: 1641125504242
ipAddress: 88.101.231.125
logoutlocation:
  world: world_1.17
  x: -1429.4257517260928
  y: 71.0
  z: 798.5824325831557
  yaw: -65.77637
  pitch: 25.350693
lastlocation:
  world: world_1.17
  x: -1366.300000011921
  y: 28.0
  z: 718.3000000119209
  yaw: 25.068542
  pitch: 7.3499193
afk: false
homes:
  home:
    world: world_1.17
    x: -1431.4021539454795
    y: 71.5625
    z: 803.4272506915769
    yaw: -138.60004
    pitch: 43.800014
