lastAccountName: Rina
timestamps:
  login: 1640622673605
  logout: 1640624083096
ipAddress: 86.49.232.36
logoutlocation:
  world: world
  x: -188.05816459959092
  y: 68.0625
  z: 20.156124026235744
  yaw: -163.48322
  pitch: 13.94994
