lastAccountName: Rina
timestamps:
  login: 1641241606907
  logout: 1641243100286
  lastteleport: 1641242043434
ipAddress: 86.49.232.47
logoutlocation:
  world: world_1.17
  x: -1429.9380679770375
  y: 71.0
  z: 794.8067396605866
  yaw: 85.06421
  pitch: 18.300146
lastlocation:
  world: world_1.17
  x: -1510.300000011921
  y: 25.0
  z: 856.938842815208
  yaw: 80.99372
  pitch: 19.651072
afk: false
homes:
  home:
    world: world_1.17
    x: -1431.4021539454795
    y: 71.5625
    z: 803.4272506915769
    yaw: -138.60004
    pitch: 43.800014
