timestamps:
  login: 1695408707732
  logout: 1695412004229
  lastteleport: 1695411968451
  lastheal: 0
  mute: 0
  jail: 0
  onlinejail: 0
logoutlocation:
  world: 5e52e54b-69fd-4280-ae27-5dabf3e709a5
  x: -1911.5
  y: 69.0
  z: 822.5
  yaw: 52.50000762939453
  pitch: -5.699999809265137
  world-name: world_1.17
lastlocation:
  world: 5e52e54b-69fd-4280-ae27-5dabf3e709a5
  x: -1914.5282655620983
  y: 57.0
  z: 1174.300000011921
  yaw: -97.0606689453125
  pitch: 7.349180698394775
  world-name: world_1.17
afk: false
homes:
  home:
    world: 5e52e54b-69fd-4280-ae27-5dabf3e709a5
    x: -1920.4195964593762
    y: 69.0
    z: 835.3934193341887
    yaw: -168.445068359375
    pitch: 32.84992599487305
    world-name: world_1.17
  dr:
    world: 5e52e54b-69fd-4280-ae27-5dabf3e709a5
    x: -1330.780609308286
    y: 25.0
    z: -47.81439454658306
    yaw: 6.540771484375
    pitch: 7.800143718719482
    world-name: world_1.17
  dv:
    world: 5e52e54b-69fd-4280-ae27-5dabf3e709a5
    x: -605.3002327741636
    y: 88.0
    z: 1107.5795073342174
    yaw: -38.66214370727539
    pitch: 37.05059051513672
    world-name: world_1.17
ip-address: 89.177.188.35
last-account-name: Rina
teleportenabled: true
teleportauto: false
godmode: false
muted: false
jailed: false
socialspy: false
npc: false
powertoolsenabled: true
accepting-pay: true
baltop-exempt: false
money: '0'
