lastAccountName: Rina
timestamps:
  login: 1642783605490
  logout: 1642784576995
  lastteleport: 1642784492241
ipAddress: 86.49.233.45
logoutlocation:
  world: world_1.17
  x: -1403.180662902285
  y: 57.0
  z: 788.8084826469782
  yaw: -176.39926
  pitch: 21.74999
lastlocation:
  world: world_1.17
  x: -1337.4714609325524
  y: 28.0
  z: -48.5765931435704
  yaw: 113.49768
  pitch: 19.800146
afk: false
homes:
  home:
    world: world_1.17
    x: -1431.4021539454795
    y: 71.5625
    z: 803.4272506915769
    yaw: -138.60004
    pitch: 43.800014
  dr:
    world: world_1.17
    x: -1330.780609308286
    y: 25.0
    z: -47.81439454658306
    yaw: 6.5407715
    pitch: 7.8001437
  dv:
    world: world_1.17
    x: -1290.4177246236063
    y: 16.0
    z: 546.5461872867384
    yaw: 174.7638
    pitch: 7.500042
