lastAccountName: Rina
timestamps:
  login: 1643069387683
  logout: 1643070120786
  lastteleport: 1643069749726
ipAddress: 86.49.232.9
logoutlocation:
  world: world_1.17
  x: -1433.8430650193322
  y: 74.5
  z: 793.7820923684679
  yaw: 81.1501
  pitch: 34.34987
lastlocation:
  world: world_1.17
  x: -796.9643599775163
  y: 66.0
  z: -268.571791525084
  yaw: 85.198456
  pitch: 12.600093
afk: false
homes:
  home:
    world: world_1.17
    x: -1403.1189816296996
    y: 57.0
    z: 807.1769308112258
    yaw: -169.04901
    pitch: 27.750032
  dr:
    world: world_1.17
    x: -1330.780609308286
    y: 25.0
    z: -47.81439454658306
    yaw: 6.5407715
    pitch: 7.8001437
  dv:
    world: world_1.17
    x: -823.5699288807224
    y: 69.0
    z: -265.13749998807907
    yaw: -35.400734
    pitch: 37.65014
