lastAccountName: Rina
timestamps:
  login: 1643901839838
  logout: 1643903127012
  lastteleport: 1643902999707
ipAddress: 147.32.96.50
logoutlocation:
  world: world_1.17
  x: -1374.2238056685903
  y: 70.0
  z: 779.2821541404796
  yaw: 162.75203
  pitch: 21.45008
lastlocation:
  world: world_1.17
  x: -547.1800275644898
  y: 69.0
  z: 701.0160685948332
  yaw: 4.5195923
  pitch: 20.55004
afk: false
homes:
  home:
    world: world_1.17
    x: -1403.1189816296996
    y: 57.0
    z: 807.1769308112258
    yaw: -169.04901
    pitch: 27.750032
  dr:
    world: world_1.17
    x: -1330.780609308286
    y: 25.0
    z: -47.81439454658306
    yaw: 6.5407715
    pitch: 7.8001437
  dv:
    world: world_1.17
    x: -547.3100153344545
    y: 69.0
    z: 701.174180770696
    yaw: 4.5195923
    pitch: 20.55004
