lastAccountName: Rina
timestamps:
  login: 1643034313953
  logout: 1643035286953
  lastteleport: 1643034997595
ipAddress: 147.32.96.50
logoutlocation:
  world: world_1.17
  x: -1422.5130917945253
  y: 71.0
  z: 788.46331999528
  yaw: -142.50708
  pitch: 16.200113
lastlocation:
  world: world_1.17
  x: -721.860063170644
  y: 69.0
  z: -266.2760919848208
  yaw: -171.90225
  pitch: 18.00006
afk: false
homes:
  home:
    world: world_1.17
    x: -1431.4021539454795
    y: 71.5625
    z: 803.4272506915769
    yaw: -138.60004
    pitch: 43.800014
  dr:
    world: world_1.17
    x: -1330.780609308286
    y: 25.0
    z: -47.81439454658306
    yaw: 6.5407715
    pitch: 7.8001437
  dv:
    world: world_1.17
    x: -823.5699288807224
    y: 69.0
    z: -265.13749998807907
    yaw: -35.400734
    pitch: 37.65014
