lastAccountName: Rina
timestamps:
  login: 1641165449138
  logout: 1641160081689
  lastteleport: 1641166057673
ipAddress: 86.49.232.58
logoutlocation:
  world: world_1.17
  x: -1416.135056441971
  y: 68.0
  z: 772.5407431980312
  yaw: -75.90425
  pitch: 12.149647
lastlocation:
  world: world_1.17
  x: -1366.300000011921
  y: 28.0
  z: 718.3000000119209
  yaw: 26.848022
  pitch: 11.999733
afk: false
homes:
  home:
    world: world_1.17
    x: -1431.4021539454795
    y: 71.5625
    z: 803.4272506915769
    yaw: -138.60004
    pitch: 43.800014
