lastAccountName: Rina
timestamps:
  login: 1642628362975
  logout: 1642629455840
  lastteleport: 1642629362439
ipAddress: 86.49.232.196
logoutlocation:
  world: world_1.17
  x: -1397.711571784506
  y: 66.0
  z: 784.7889671419414
  yaw: 167.25018
  pitch: 5.2500343
lastlocation:
  world: world_1.17
  x: -1399.8770833313465
  y: 72.0
  z: 693.3000000119209
  yaw: -156.90112
  pitch: 40.50002
afk: false
homes:
  home:
    world: world_1.17
    x: -1431.4021539454795
    y: 71.5625
    z: 803.4272506915769
    yaw: -138.60004
    pitch: 43.800014
  dr:
    world: world_1.17
    x: -1380.300000011921
    y: 13.0
    z: 88.86990621847046
    yaw: 144.3872
    pitch: 30.450184
  dv:
    world: world_1.17
    x: -1290.4177246236063
    y: 16.0
    z: 546.5461872867384
    yaw: 174.7638
    pitch: 7.500042
