lastAccountName: Rina
timestamps:
  login: 1640855190080
  logout: 1640862768334
  lastteleport: 1640712039388
ipAddress: 86.49.232.36
logoutlocation:
  world: world_1.17
  x: -1387.4135566361165
  y: 72.0
  z: 756.7477851298312
  yaw: 43.718628
  pitch: 9.150045
lastlocation:
  world: world_1.17
  x: -1375.699999988079
  y: 29.0
  z: 759.6999999880791
  yaw: -5.0024414
  pitch: -8.5506
afk: false
homes:
  home:
    world: world_1.17
    x: -1431.4021539454795
    y: 71.5625
    z: 803.4272506915769
    yaw: -138.60004
    pitch: 43.800014
