lastAccountName: Rina
timestamps:
  login: 1641487625418
  logout: 1641488918799
  lastteleport: 1641476697364
ipAddress: 86.49.232.71
logoutlocation:
  world: world_1.17
  x: -1119.8481006492084
  y: 12.0
  z: 848.4309681716531
  yaw: -93.00513
  pitch: 12.299979
lastlocation:
  world: world_1.17
  x: -1399.6891516210815
  y: 11.0
  z: 821.5372221700385
  yaw: -80.653564
  pitch: 33.74992
afk: false
homes:
  home:
    world: world_1.17
    x: -1431.4021539454795
    y: 71.5625
    z: 803.4272506915769
    yaw: -138.60004
    pitch: 43.800014
