lastAccountName: Rina
timestamps:
  login: 1641054109753
  logout: 1641057048093
  lastteleport: 1640948894053
ipAddress: 86.49.232.160
logoutlocation:
  world: world_1.17
  x: -1396.5609692415908
  y: 66.0
  z: 776.7452600318243
  yaw: 99.90109
  pitch: 17.399996
lastlocation:
  world: world_1.17
  x: -1376.699999988079
  y: 54.0
  z: 808.6999999880791
  yaw: 144.68115
  pitch: 2.7016933
afk: false
homes:
  home:
    world: world_1.17
    x: -1431.4021539454795
    y: 71.5625
    z: 803.4272506915769
    yaw: -138.60004
    pitch: 43.800014
