lastAccountName: Rina
timestamps:
  login: 1641063376827
  logout: 1641069600290
  lastteleport: 1640948894053
ipAddress: 86.49.232.160
logoutlocation:
  world: world_1.17
  x: -1432.5961725649029
  y: 71.0
  z: 787.4611521795251
  yaw: -145.95074
  pitch: 17.9998
lastlocation:
  world: world_1.17
  x: -1376.699999988079
  y: 54.0
  z: 808.6999999880791
  yaw: 144.68115
  pitch: 2.7016933
afk: false
homes:
  home:
    world: world_1.17
    x: -1431.4021539454795
    y: 71.5625
    z: 803.4272506915769
    yaw: -138.60004
    pitch: 43.800014
