lastAccountName: Rina
timestamps:
  login: 1642754126405
  logout: 1642754495898
  lastteleport: 1642754485697
ipAddress: 86.49.233.45
logoutlocation:
  world: world_1.17
  x: -1371.20435266233
  y: 15.0
  z: 80.21783607936247
  yaw: -132.81366
  pitch: 1.3501921
lastlocation:
  world: world_1.17
  x: -1398.5
  y: 57.0
  z: 801.5
  yaw: -4.94156E-6
  pitch: 0.0
afk: false
homes:
  home:
    world: world_1.17
    x: -1431.4021539454795
    y: 71.5625
    z: 803.4272506915769
    yaw: -138.60004
    pitch: 43.800014
  dr:
    world: world_1.17
    x: -1380.300000011921
    y: 13.0
    z: 88.86990621847046
    yaw: 144.3872
    pitch: 30.450184
  dv:
    world: world_1.17
    x: -1290.4177246236063
    y: 16.0
    z: 546.5461872867384
    yaw: 174.7638
    pitch: 7.500042
