lastAccountName: Rina
timestamps:
  login: 1641514774258
  logout: 1641516420535
  lastteleport: 1641514880539
ipAddress: 86.49.232.71
logoutlocation:
  world: world_1.17
  x: -1391.5447759646684
  y: 68.0
  z: 781.9537280047796
  yaw: 129.45651
  pitch: 18.149576
lastlocation:
  world: world_1.17
  x: -1472.4168636797872
  y: 62.0
  z: 761.3816634724318
  yaw: 175.80232
  pitch: 20.550169
afk: false
homes:
  home:
    world: world_1.17
    x: -1431.4021539454795
    y: 71.5625
    z: 803.4272506915769
    yaw: -138.60004
    pitch: 43.800014
