lastAccountName: Rina
timestamps:
  login: 1641220728723
  logout: 1641223972687
  lastteleport: 1641223672545
ipAddress: 147.32.96.50
logoutlocation:
  world: world_1.17
  x: -1430.2672438558907
  y: 71.0
  z: 802.3143318194009
  yaw: -130.79982
  pitch: 29.10002
lastlocation:
  world: world_1.17
  x: -1403.2719787678918
  y: 11.0
  z: 761.3180936000748
  yaw: -93.599
  pitch: 19.200016
afk: false
homes:
  home:
    world: world_1.17
    x: -1431.4021539454795
    y: 71.5625
    z: 803.4272506915769
    yaw: -138.60004
    pitch: 43.800014
