lastAccountName: Rina
timestamps:
  login: 1641378434696
  logout: 1641379962328
  lastteleport: 1641379131532
ipAddress: 86.49.232.71
logoutlocation:
  world: world_1.17
  x: -1474.699999988079
  y: 72.5
  z: 760.0595424773139
  yaw: 107.85547
  pitch: 23.099928
lastlocation:
  world: world_1.17
  x: -1460.250616856252
  y: 62.0
  z: 761.521457949887
  yaw: 76.051796
  pitch: 8.249878
afk: false
homes:
  home:
    world: world_1.17
    x: -1431.4021539454795
    y: 71.5625
    z: 803.4272506915769
    yaw: -138.60004
    pitch: 43.800014
