lastAccountName: Rina
timestamps:
  login: 1642687369136
  logout: 1642687890594
  lastteleport: 1642687767128
ipAddress: 147.32.96.50
logoutlocation:
  world: world_1.17
  x: -1402.97575569592
  y: 57.0
  z: 783.225212983966
  yaw: 38.85044
  pitch: 35.39995
lastlocation:
  world: world_1.17
  x: -1364.9593393494206
  y: 22.0
  z: 28.69999998807907
  yaw: 170.78651
  pitch: 36.300167
afk: false
homes:
  home:
    world: world_1.17
    x: -1431.4021539454795
    y: 71.5625
    z: 803.4272506915769
    yaw: -138.60004
    pitch: 43.800014
  dr:
    world: world_1.17
    x: -1380.300000011921
    y: 13.0
    z: 88.86990621847046
    yaw: 144.3872
    pitch: 30.450184
  dv:
    world: world_1.17
    x: -1290.4177246236063
    y: 16.0
    z: 546.5461872867384
    yaw: 174.7638
    pitch: 7.500042
