lastAccountName: Rina
timestamps:
  login: 1641334618988
  logout: 1641337975493
  lastteleport: 1641251906206
ipAddress: 86.49.232.71
logoutlocation:
  world: world_1.17
  x: -1472.6901719020993
  y: 62.0
  z: 766.1395161951673
  yaw: -169.69702
  pitch: 24.750051
lastlocation:
  world: world_1.17
  x: -1475.7883576869442
  y: 66.0
  z: 759.8905666250513
  yaw: 65.24762
  pitch: 15.599828
afk: false
homes:
  home:
    world: world_1.17
    x: -1431.4021539454795
    y: 71.5625
    z: 803.4272506915769
    yaw: -138.60004
    pitch: 43.800014
