lastAccountName: Rina
timestamps:
  login: 1641494748689
  logout: 1641496213485
  lastteleport: 1641495483304
ipAddress: 86.49.232.71
logoutlocation:
  world: world_1.17
  x: -1441.4851313438407
  y: 66.0
  z: 793.5028220056341
  yaw: 62.85132
  pitch: 18.299644
lastlocation:
  world: world_1.17
  x: -1369.5551149459964
  y: 11.0
  z: 746.6999999880791
  yaw: 179.2533
  pitch: 25.34946
afk: false
homes:
  home:
    world: world_1.17
    x: -1431.4021539454795
    y: 71.5625
    z: 803.4272506915769
    yaw: -138.60004
    pitch: 43.800014
