lastAccountName: Rina
timestamps:
  login: 1641400111485
  logout: 1641400732886
  lastteleport: 1641379131532
ipAddress: 147.32.96.50
logoutlocation:
  world: world_1.17
  x: -1457.3571692619878
  y: 56.0
  z: 756.0909955291164
  yaw: -140.84576
  pitch: 31.200922
lastlocation:
  world: world_1.17
  x: -1460.250616856252
  y: 62.0
  z: 761.521457949887
  yaw: 76.051796
  pitch: 8.249878
afk: false
homes:
  home:
    world: world_1.17
    x: -1431.4021539454795
    y: 71.5625
    z: 803.4272506915769
    yaw: -138.60004
    pitch: 43.800014
