lastAccountName: Rina
timestamps:
  login: 1642429900836
  logout: 1642432900638
  lastteleport: 1642432733176
ipAddress: 147.32.96.50
logoutlocation:
  world: world_1.17
  x: -1402.7030915904752
  y: 57.0
  z: 793.0552318647742
  yaw: 172.65135
  pitch: 9.450057
lastlocation:
  world: world_1.17
  x: -1348.5813157209743
  y: 11.0
  z: 492.05855134190443
  yaw: -178.18652
  pitch: 11.549998
afk: false
homes:
  home:
    world: world_1.17
    x: -1431.4021539454795
    y: 71.5625
    z: 803.4272506915769
    yaw: -138.60004
    pitch: 43.800014
  dr:
    world: world_1.17
    x: -1166.5997737101675
    y: 22.0
    z: 902.4040026181516
    yaw: 6.298462
    pitch: 19.49988
  dv:
    world: world_1.17
    x: -1298.5857395060784
    y: 11.0
    z: 789.4229956882529
    yaw: -89.701294
    pitch: 15.451219
