lastAccountName: Rina
timestamps:
  login: 1641083785426
  logout: 1641085318336
  lastteleport: 1640948894053
ipAddress: 86.49.232.160
logoutlocation:
  world: world_1.17
  x: -1385.238140832719
  y: 62.0
  z: 795.454555126944
  yaw: -2.2387695
  pitch: 17.700777
lastlocation:
  world: world_1.17
  x: -1376.699999988079
  y: 54.0
  z: 808.6999999880791
  yaw: 144.68115
  pitch: 2.7016933
afk: false
homes:
  home:
    world: world_1.17
    x: -1431.4021539454795
    y: 71.5625
    z: 803.4272506915769
    yaw: -138.60004
    pitch: 43.800014
