lastAccountName: Rina
timestamps:
  login: 1641148157917
  logout: 1641148421391
  lastteleport: 1641125504242
ipAddress: 88.101.231.125
logoutlocation:
  world: world_1.17
  x: -1408.5164265070932
  y: 67.9375
  z: 767.3000000119209
  yaw: -154.65302
  pitch: 1.9498538
lastlocation:
  world: world_1.17
  x: -1366.300000011921
  y: 28.0
  z: 718.3000000119209
  yaw: 25.068542
  pitch: 7.3499193
afk: false
homes:
  home:
    world: world_1.17
    x: -1431.4021539454795
    y: 71.5625
    z: 803.4272506915769
    yaw: -138.60004
    pitch: 43.800014
