lastAccountName: Rina
timestamps:
  login: 1641125229282
  logout: 1641085318336
  lastteleport: 1641125504242
ipAddress: 88.101.231.125
logoutlocation:
  world: world_1.17
  x: -1385.238140832719
  y: 62.0
  z: 795.454555126944
  yaw: -2.2387695
  pitch: 17.700777
lastlocation:
  world: world_1.17
  x: -1366.300000011921
  y: 28.0
  z: 718.3000000119209
  yaw: 25.068542
  pitch: 7.3499193
afk: false
homes:
  home:
    world: world_1.17
    x: -1431.4021539454795
    y: 71.5625
    z: 803.4272506915769
    yaw: -138.60004
    pitch: 43.800014
