lastAccountName: Rina
timestamps:
  login: 1641409899570
  logout: 1641410860584
  lastteleport: 1641379131532
ipAddress: 86.49.232.71
logoutlocation:
  world: world_1.17
  x: -1469.3415992551502
  y: 62.0
  z: 762.7214896893016
  yaw: -106.04004
  pitch: 29.250072
lastlocation:
  world: world_1.17
  x: -1460.250616856252
  y: 62.0
  z: 761.521457949887
  yaw: 76.051796
  pitch: 8.249878
afk: false
homes:
  home:
    world: world_1.17
    x: -1431.4021539454795
    y: 71.5625
    z: 803.4272506915769
    yaw: -138.60004
    pitch: 43.800014
