lastAccountName: Rina
timestamps:
  login: 1641054109753
  logout: 1641052876267
  lastteleport: 1640948894053
ipAddress: 86.49.232.160
logoutlocation:
  world: world_1.17
  x: -1421.529854748673
  y: 71.0
  z: 792.4536791705475
  yaw: -133.49977
  pitch: 16.349844
lastlocation:
  world: world_1.17
  x: -1376.699999988079
  y: 54.0
  z: 808.6999999880791
  yaw: 144.68115
  pitch: 2.7016933
afk: false
homes:
  home:
    world: world_1.17
    x: -1431.4021539454795
    y: 71.5625
    z: 803.4272506915769
    yaw: -138.60004
    pitch: 43.800014
