lastAccountName: Rina
timestamps:
  login: 1641470965767
  logout: 1641465286137
  lastteleport: 1641474412158
ipAddress: 86.49.232.71
logoutlocation:
  world: world_1.17
  x: -1475.5
  y: 73.0
  z: 759.5
  yaw: 79.950005
  pitch: 19.2
lastlocation:
  world: world_1.17
  x: -1368.4188707984695
  y: 29.875
  z: 720.819826039778
  yaw: 6.3007812
  pitch: 4.199685
afk: false
homes:
  home:
    world: world_1.17
    x: -1431.4021539454795
    y: 71.5625
    z: 803.4272506915769
    yaw: -138.60004
    pitch: 43.800014
