lastAccountName: Rina
timestamps:
  login: 1642599809328
  logout: 1642601864339
  lastteleport: 1642601804279
ipAddress: 86.49.232.196
logoutlocation:
  world: world_1.17
  x: -1403.399535858387
  y: 57.0
  z: 789.8369747225731
  yaw: -12.900087
  pitch: 7.050003
lastlocation:
  world: world_1.17
  x: -1355.4555744776872
  y: 10.0
  z: 215.36944973344066
  yaw: 16.504883
  pitch: 15.149985
afk: false
homes:
  home:
    world: world_1.17
    x: -1431.4021539454795
    y: 71.5625
    z: 803.4272506915769
    yaw: -138.60004
    pitch: 43.800014
  dr:
    world: world_1.17
    x: -1355.4555744776872
    y: 10.0
    z: 215.36944973344066
    yaw: 16.504883
    pitch: 15.149985
  dv:
    world: world_1.17
    x: -1290.4177246236063
    y: 16.0
    z: 546.5461872867384
    yaw: 174.7638
    pitch: 7.500042
