lastAccountName: Rina
timestamps:
  login: 1642892842549
  logout: 1642893722502
  lastteleport: 1642893045298
ipAddress: 86.49.233.71
logoutlocation:
  world: world_1.17
  x: -719.6237325750463
  y: 72.0
  z: -259.54327000867534
  yaw: 147.74182
  pitch: 16.349869
lastlocation:
  world: world_1.17
  x: -1330.5
  y: 23.0
  z: -47.5
  yaw: 6.5407715
  pitch: 11.100139
afk: false
homes:
  home:
    world: world_1.17
    x: -1431.4021539454795
    y: 71.5625
    z: 803.4272506915769
    yaw: -138.60004
    pitch: 43.800014
  dr:
    world: world_1.17
    x: -1330.780609308286
    y: 25.0
    z: -47.81439454658306
    yaw: 6.5407715
    pitch: 7.8001437
  dv:
    world: world_1.17
    x: -823.5699288807224
    y: 69.0
    z: -265.13749998807907
    yaw: -35.400734
    pitch: 37.65014
