lastAccountName: Rina
timestamps:
  login: 1643041793727
  logout: 1643043086393
  lastteleport: 1643043048147
ipAddress: 147.32.96.50
logoutlocation:
  world: world_1.17
  x: -1404.2953057154234
  y: 57.0
  z: 806.8035799869806
  yaw: -44.699123
  pitch: 12.300013
lastlocation:
  world: world_1.17
  x: -813.8535130055703
  y: 68.0
  z: -265.4779233939762
  yaw: 147.44945
  pitch: 22.05013
afk: false
homes:
  home:
    world: world_1.17
    x: -1403.1189816296996
    y: 57.0
    z: 807.1769308112258
    yaw: -169.04901
    pitch: 27.750032
  dr:
    world: world_1.17
    x: -1330.780609308286
    y: 25.0
    z: -47.81439454658306
    yaw: 6.5407715
    pitch: 7.8001437
  dv:
    world: world_1.17
    x: -823.5699288807224
    y: 69.0
    z: -265.13749998807907
    yaw: -35.400734
    pitch: 37.65014
