lastAccountName: Rina
timestamps:
  login: 1642608716721
  logout: 1642601864339
  lastteleport: 1642610670959
ipAddress: 86.49.232.196
logoutlocation:
  world: world_1.17
  x: -1403.399535858387
  y: 57.0
  z: 789.8369747225731
  yaw: -12.900087
  pitch: 7.050003
lastlocation:
  world: world_1.17
  x: -1367.5616288731637
  y: 19.0
  z: 73.30000001192093
  yaw: -140.88574
  pitch: 29.10017
afk: false
homes:
  home:
    world: world_1.17
    x: -1431.4021539454795
    y: 71.5625
    z: 803.4272506915769
    yaw: -138.60004
    pitch: 43.800014
  dr:
    world: world_1.17
    x: -1380.300000011921
    y: 13.0
    z: 88.86990621847046
    yaw: 144.3872
    pitch: 30.450184
  dv:
    world: world_1.17
    x: -1290.4177246236063
    y: 16.0
    z: 546.5461872867384
    yaw: 174.7638
    pitch: 7.500042
