lastAccountName: Rina
timestamps:
  login: 1643626069081
  logout: 1643583596064
  lastteleport: 1643626125132
ipAddress: 147.32.96.50
logoutlocation:
  world: world_1.17
  x: -1402.953574746168
  y: 57.0
  z: 795.054856694024
  yaw: 177.89815
  pitch: 14.249818
lastlocation:
  world: world_1.17
  x: -1402.943483624076
  y: 57.0
  z: 790.1738885317218
  yaw: 164.39684
  pitch: 9.89973
afk: false
homes:
  home:
    world: world_1.17
    x: -1403.1189816296996
    y: 57.0
    z: 807.1769308112258
    yaw: -169.04901
    pitch: 27.750032
  dr:
    world: world_1.17
    x: -1330.780609308286
    y: 25.0
    z: -47.81439454658306
    yaw: 6.5407715
    pitch: 7.8001437
  dv:
    world: world_1.17
    x: -1380.5772824192384
    y: 65.0
    z: 107.74546168349472
    yaw: 151.93716
    pitch: 31.649984
