lastAccountName: Rina
timestamps:
  login: 1640617036857
  logout: 1640617478183
ipAddress: 86.49.232.36
logoutlocation:
  world: world
  x: 63.293974986318105
  y: 64.0
  z: 0.783589905592299
  yaw: 65.70151
  pitch: 3.2998073
