lastAccountName: Rina
timestamps:
  login: 1641225142578
  logout: 1641226500349
  lastteleport: 1641226080161
ipAddress: 147.32.96.50
logoutlocation:
  world: world_1.17
  x: -1388.196467954585
  y: 56.0
  z: 805.3911238930538
  yaw: -167.69794
  pitch: -3.599546
lastlocation:
  world: world_1.17
  x: -1498.699999988079
  y: 23.0
  z: 843.6999999880791
  yaw: 144.16284
  pitch: -5.249475
afk: false
homes:
  home:
    world: world_1.17
    x: -1431.4021539454795
    y: 71.5625
    z: 803.4272506915769
    yaw: -138.60004
    pitch: 43.800014
