lastAccountName: Rina
timestamps:
  login: 1640690061820
  logout: 1640690731638
  lastteleport: 1640649620530
ipAddress: 86.49.232.36
logoutlocation:
  world: world_1.17
  x: -1430.6071433275408
  y: 71.5625
  z: 802.9298514875911
  yaw: -106.80005
  pitch: 29.850027
lastlocation:
  world: world_1.17
  x: -1374.300000011921
  y: 32.0
  z: 760.3000000119209
  yaw: 86.102356
  pitch: 28.049845
afk: false
homes:
  home:
    world: world_1.17
    x: -1431.4021539454795
    y: 71.5625
    z: 803.4272506915769
    yaw: -138.60004
    pitch: 43.800014
