lastAccountName: Rina
timestamps:
  login: 1642241306497
  logout: 1642242823601
  lastteleport: 1642233997953
ipAddress: 86.49.232.115
logoutlocation:
  world: world_1.17
  x: -1418.041233225109
  y: 69.0
  z: 773.2066787142529
  yaw: -155.66602
  pitch: 9.600384
lastlocation:
  world: world_1.17
  x: -1485.8547616691164
  y: 18.0
  z: 1000.3796528890822
  yaw: 94.239746
  pitch: 27.000048
afk: false
homes:
  home:
    world: world_1.17
    x: -1431.4021539454795
    y: 71.5625
    z: 803.4272506915769
    yaw: -138.60004
    pitch: 43.800014
  dr:
    world: world_1.17
    x: -1166.5997737101675
    y: 22.0
    z: 902.4040026181516
    yaw: 6.298462
    pitch: 19.49988
  dv:
    world: world_1.17
    x: -1503.34472479379
    y: 15.0
    z: 1000.8995815511015
    yaw: -17.062988
    pitch: 14.849796
