lastAccountName: Rina
timestamps:
  login: 1643626069081
  logout: 1643626990009
  lastteleport: 1643626600243
ipAddress: 147.32.96.50
logoutlocation:
  world: world_1.17
  x: -1448.5316393754097
  y: 71.0
  z: 798.2928165545175
  yaw: 87.14906
  pitch: 0.45010495
lastlocation:
  world: world_1.17
  x: -1636.098951011122
  y: 68.0
  z: 178.48228378168756
  yaw: -111.74585
  pitch: 29.3996
afk: false
homes:
  home:
    world: world_1.17
    x: -1403.1189816296996
    y: 57.0
    z: 807.1769308112258
    yaw: -169.04901
    pitch: 27.750032
  dr:
    world: world_1.17
    x: -1330.780609308286
    y: 25.0
    z: -47.81439454658306
    yaw: 6.5407715
    pitch: 7.8001437
  dv:
    world: world_1.17
    x: -1636.098951011122
    y: 68.0
    z: 178.48228378168756
    yaw: -111.74585
    pitch: 29.3996
