lastAccountName: Rina
timestamps:
  login: 1644065093999
  logout: 1644066402662
  lastteleport: 1644066320545
ipAddress: 86.49.233.20
logoutlocation:
  world: world_1.17
  x: -1421.7526331220802
  y: 68.9375
  z: 763.5269364096063
  yaw: -53.55133
  pitch: 21.149918
lastlocation:
  world: world_1.17
  x: -576.7825679700632
  y: 64.0
  z: 1231.8197300360966
  yaw: -28.161621
  pitch: 25.950796
afk: false
homes:
  home:
    world: world_1.17
    x: -1403.1189816296996
    y: 57.0
    z: 807.1769308112258
    yaw: -169.04901
    pitch: 27.750032
  dr:
    world: world_1.17
    x: -1330.780609308286
    y: 25.0
    z: -47.81439454658306
    yaw: 6.5407715
    pitch: 7.8001437
  dv:
    world: world_1.17
    x: -571.338107298216
    y: 63.0
    z: 1233.2226741915904
    yaw: 21.338867
    pitch: 15.4508705
