lastAccountName: Rina
timestamps:
  login: 1641561717319
  logout: 1641563659201
  lastteleport: 1641556397114
ipAddress: 86.49.232.71
logoutlocation:
  world: world_1.17
  x: -1430.6958357607257
  y: 71.0
  z: 801.484662574541
  yaw: -153.59668
  pitch: 15.749886
lastlocation:
  world: world_1.17
  x: -1530.8628418657734
  y: 13.0
  z: 825.512954272465
  yaw: -30.454712
  pitch: 18.59964
afk: false
homes:
  home:
    world: world_1.17
    x: -1431.4021539454795
    y: 71.5625
    z: 803.4272506915769
    yaw: -138.60004
    pitch: 43.800014
