lastAccountName: Rina
timestamps:
  login: 1643800385087
  logout: 1643801222117
  lastteleport: 1643800824397
ipAddress: 86.49.233.20
logoutlocation:
  world: world_1.17
  x: -1416.2961169179816
  y: 67.0
  z: 776.9034502853082
  yaw: -19.499468
  pitch: 15.14996
lastlocation:
  world: world_1.17
  x: -1594.7757563674718
  y: 63.0
  z: -382.7887498169341
  yaw: 12.602788
  pitch: 33.59952
afk: false
homes:
  home:
    world: world_1.17
    x: -1403.1189816296996
    y: 57.0
    z: 807.1769308112258
    yaw: -169.04901
    pitch: 27.750032
  dr:
    world: world_1.17
    x: -1330.780609308286
    y: 25.0
    z: -47.81439454658306
    yaw: 6.5407715
    pitch: 7.8001437
  dv:
    world: world_1.17
    x: -1599.1443745821573
    y: 63.0
    z: -371.4182296873483
    yaw: -164.99805
    pitch: 8.099537
