lastAccountName: Rina
timestamps:
  login: 1642159392602
  logout: 1642161110789
  lastteleport: 1642160923734
ipAddress: 86.49.232.115
logoutlocation:
  world: world_1.17
  x: -1401.96491971794
  y: 57.0
  z: 788.3685251663101
  yaw: 167.55103
  pitch: 14.249996
lastlocation:
  world: world_1.17
  x: -1469.0718729062287
  y: 13.0
  z: 956.6999999880791
  yaw: -134.23523
  pitch: -0.14976104
afk: false
homes:
  home:
    world: world_1.17
    x: -1431.4021539454795
    y: 71.5625
    z: 803.4272506915769
    yaw: -138.60004
    pitch: 43.800014
  dr:
    world: world_1.17
    x: -1166.5997737101675
    y: 22.0
    z: 902.4040026181516
    yaw: 6.298462
    pitch: 19.49988
  dv:
    world: world_1.17
    x: -1469.0718729062287
    y: 13.0
    z: 956.6999999880791
    yaw: -134.23523
    pitch: -0.14976104
