lastAccountName: Rina
timestamps:
  login: 1642203577680
  logout: 1642204700988
  lastteleport: 1642204593757
ipAddress: 86.49.232.115
logoutlocation:
  world: world_1.17
  x: -1402.886796676884
  y: 57.0
  z: 795.1487904394188
  yaw: 3.4492493
  pitch: 15.44997
lastlocation:
  world: world_1.17
  x: -1503.34472479379
  y: 15.0
  z: 1000.8995815511015
  yaw: -28.31311
  pitch: 11.999797
afk: false
homes:
  home:
    world: world_1.17
    x: -1431.4021539454795
    y: 71.5625
    z: 803.4272506915769
    yaw: -138.60004
    pitch: 43.800014
  dr:
    world: world_1.17
    x: -1166.5997737101675
    y: 22.0
    z: 902.4040026181516
    yaw: 6.298462
    pitch: 19.49988
  dv:
    world: world_1.17
    x: -1503.34472479379
    y: 15.0
    z: 1000.8995815511015
    yaw: -17.062988
    pitch: 14.849796
