lastAccountName: Rina
timestamps:
  login: 1640706546387
  logout: 1640708319633
  lastteleport: 1640649620530
ipAddress: 86.49.232.36
logoutlocation:
  world: world_1.17
  x: -1429.9261494753466
  y: 71.0
  z: 798.0826875998225
  yaw: -124.49992
  pitch: 20.849958
lastlocation:
  world: world_1.17
  x: -1374.300000011921
  y: 32.0
  z: 760.3000000119209
  yaw: 86.102356
  pitch: 28.049845
afk: false
homes:
  home:
    world: world_1.17
    x: -1431.4021539454795
    y: 71.5625
    z: 803.4272506915769
    yaw: -138.60004
    pitch: 43.800014
