lastAccountName: Rina
timestamps:
  login: 1642798420428
  logout: 1642799122082
  lastteleport: 1642798449638
ipAddress: 86.49.233.45
logoutlocation:
  world: world_1.17
  x: -1397.5146216434598
  y: 69.0
  z: 28.835270822693516
  yaw: -26.453125
  pitch: 11.850299
lastlocation:
  world: world_1.17
  x: -1402.6090969401066
  y: 57.0
  z: 800.3488433746435
  yaw: 171.60046
  pitch: 10.049923
afk: false
homes:
  home:
    world: world_1.17
    x: -1431.4021539454795
    y: 71.5625
    z: 803.4272506915769
    yaw: -138.60004
    pitch: 43.800014
  dr:
    world: world_1.17
    x: -1330.780609308286
    y: 25.0
    z: -47.81439454658306
    yaw: 6.5407715
    pitch: 7.8001437
  dv:
    world: world_1.17
    x: -1290.4177246236063
    y: 16.0
    z: 546.5461872867384
    yaw: 174.7638
    pitch: 7.500042
