lastAccountName: Rina
timestamps:
  login: 1641248069885
  logout: 1641252164036
  lastteleport: 1641251906206
ipAddress: 86.49.232.47
logoutlocation:
  world: world_1.17
  x: -1476.9045514980487
  y: 66.5625
  z: 761.8745965760494
  yaw: 165.30115
  pitch: -4.200007
lastlocation:
  world: world_1.17
  x: -1475.7883576869442
  y: 66.0
  z: 759.8905666250513
  yaw: 65.24762
  pitch: 15.599828
afk: false
homes:
  home:
    world: world_1.17
    x: -1431.4021539454795
    y: 71.5625
    z: 803.4272506915769
    yaw: -138.60004
    pitch: 43.800014
