lastAccountName: Rina
timestamps:
  login: 1644338397280
  logout: 1644339218706
  lastteleport: 1644339199309
ipAddress: 147.32.96.50
logoutlocation:
  world: world_1.17
  x: -1410.3925398684014
  y: 57.0
  z: 783.2380800277056
  yaw: -166.49925
  pitch: 22.650024
lastlocation:
  world: world_1.17
  x: -605.3002327741636
  y: 88.0
  z: 1107.5795073342174
  yaw: -38.662144
  pitch: 37.05059
afk: false
homes:
  home:
    world: world_1.17
    x: -1403.1189816296996
    y: 57.0
    z: 807.1769308112258
    yaw: -169.04901
    pitch: 27.750032
  dr:
    world: world_1.17
    x: -1330.780609308286
    y: 25.0
    z: -47.81439454658306
    yaw: 6.5407715
    pitch: 7.8001437
  dv:
    world: world_1.17
    x: -605.3002327741636
    y: 88.0
    z: 1107.5795073342174
    yaw: -38.662144
    pitch: 37.05059
