lastAccountName: Rina
timestamps:
  login: 1642178931604
  logout: 1642180318783
  lastteleport: 1642179685838
ipAddress: 86.49.232.115
logoutlocation:
  world: world_1.17
  x: -1461.2952714734756
  y: 62.0
  z: 760.8869387326664
  yaw: 70.64374
  pitch: 3.1498084
lastlocation:
  world: world_1.17
  x: -1130.4421625338541
  y: 34.0
  z: 908.70951469235
  yaw: 107.848656
  pitch: 16.349918
afk: false
homes:
  home:
    world: world_1.17
    x: -1431.4021539454795
    y: 71.5625
    z: 803.4272506915769
    yaw: -138.60004
    pitch: 43.800014
  dr:
    world: world_1.17
    x: -1166.5997737101675
    y: 22.0
    z: 902.4040026181516
    yaw: 6.298462
    pitch: 19.49988
  dv:
    world: world_1.17
    x: -1469.0718729062287
    y: 13.0
    z: 956.6999999880791
    yaw: -134.23523
    pitch: -0.14976104
