timestamps:
  login: 1696111330448
  logout: 1696112851138
  lastteleport: 1696112743997
  lastheal: 0
  mute: 0
  jail: 0
  onlinejail: 0
logoutlocation:
  world: 5e52e54b-69fd-4280-ae27-5dabf3e709a5
  x: -1934.2028579791302
  y: 67.0
  z: 826.4361604213543
  yaw: -90.29496002197266
  pitch: 36.149776458740234
  world-name: world_1.17
lastlocation:
  world: 5e52e54b-69fd-4280-ae27-5dabf3e709a5
  x: -1916.674899250137
  y: 58.0
  z: 623.3000000119209
  yaw: 12.96923828125
  pitch: 18.000049591064453
  world-name: world_1.17
afk: false
homes:
  home:
    world: 5e52e54b-69fd-4280-ae27-5dabf3e709a5
    x: -1920.4195964593762
    y: 69.0
    z: 835.3934193341887
    yaw: -168.445068359375
    pitch: 32.84992599487305
    world-name: world_1.17
  dr:
    world: 5e52e54b-69fd-4280-ae27-5dabf3e709a5
    x: -1330.780609308286
    y: 25.0
    z: -47.81439454658306
    yaw: 6.540771484375
    pitch: 7.800143718719482
    world-name: world_1.17
  dv:
    world: 5e52e54b-69fd-4280-ae27-5dabf3e709a5
    x: -605.3002327741636
    y: 88.0
    z: 1107.5795073342174
    yaw: -38.66214370727539
    pitch: 37.05059051513672
    world-name: world_1.17
ip-address: 89.177.188.35
last-account-name: Rina
teleportenabled: true
teleportauto: false
godmode: false
muted: false
jailed: false
socialspy: false
npc: false
powertoolsenabled: true
accepting-pay: true
baltop-exempt: false
money: '0'
