lastAccountName: Rina
timestamps:
  login: 1642511489597
  logout: 1642512897695
  lastteleport: 1642512819730
ipAddress: 147.32.96.50
logoutlocation:
  world: world_1.17
  x: -1403.334103268597
  y: 57.0
  z: 791.1812610789701
  yaw: -174.29991
  pitch: 9.4499035
lastlocation:
  world: world_1.17
  x: -1335.8650934035288
  y: 17.0
  z: 475.6389201047281
  yaw: 175.6977
  pitch: 17.099884
afk: false
homes:
  home:
    world: world_1.17
    x: -1431.4021539454795
    y: 71.5625
    z: 803.4272506915769
    yaw: -138.60004
    pitch: 43.800014
  dr:
    world: world_1.17
    x: -1166.5997737101675
    y: 22.0
    z: 902.4040026181516
    yaw: 6.298462
    pitch: 19.49988
  dv:
    world: world_1.17
    x: -1298.5857395060784
    y: 11.0
    z: 789.4229956882529
    yaw: -89.701294
    pitch: 15.451219
