lastAccountName: Rina
timestamps:
  login: 1640895436067
  logout: 1640892788785
  lastteleport: 1640712039388
ipAddress: 86.49.232.36
logoutlocation:
  world: world_1.17
  x: -1381.3220963955446
  y: 69.0
  z: 800.6326259719184
  yaw: 163.19885
  pitch: 21.44951
lastlocation:
  world: world_1.17
  x: -1375.699999988079
  y: 29.0
  z: 759.6999999880791
  yaw: -5.0024414
  pitch: -8.5506
afk: false
homes:
  home:
    world: world_1.17
    x: -1431.4021539454795
    y: 71.5625
    z: 803.4272506915769
    yaw: -138.60004
    pitch: 43.800014
