lastAccountName: Rina
timestamps:
  login: 1641042730793
  logout: 1641047278134
  lastteleport: 1640948894053
ipAddress: 86.49.232.160
logoutlocation:
  world: world_1.17
  x: -1379.2996520494369
  y: 74.5625
  z: 805.4911881563021
  yaw: 141.59991
  pitch: 19.199999
lastlocation:
  world: world_1.17
  x: -1376.699999988079
  y: 54.0
  z: 808.6999999880791
  yaw: 144.68115
  pitch: 2.7016933
afk: false
homes:
  home:
    world: world_1.17
    x: -1431.4021539454795
    y: 71.5625
    z: 803.4272506915769
    yaw: -138.60004
    pitch: 43.800014
