lastAccountName: Rina
timestamps:
  login: 1642634868594
  logout: 1642635870645
  lastteleport: 1642635786525
ipAddress: 86.49.232.196
logoutlocation:
  world: world_1.17
  x: -1400.804815852283
  y: 57.0
  z: 801.8533945650853
  yaw: 23.248657
  pitch: 33.29979
lastlocation:
  world: world_1.17
  x: -1347.4774692365265
  y: 18.0
  z: 27.368916961840394
  yaw: 61.73854
  pitch: 6.150167
afk: false
homes:
  home:
    world: world_1.17
    x: -1431.4021539454795
    y: 71.5625
    z: 803.4272506915769
    yaw: -138.60004
    pitch: 43.800014
  dr:
    world: world_1.17
    x: -1380.300000011921
    y: 13.0
    z: 88.86990621847046
    yaw: 144.3872
    pitch: 30.450184
  dv:
    world: world_1.17
    x: -1290.4177246236063
    y: 16.0
    z: 546.5461872867384
    yaw: 174.7638
    pitch: 7.500042
