lastAccountName: Rina
timestamps:
  login: 1642465332189
  logout: 1642465950194
  lastteleport: 1642465858636
ipAddress: 86.49.232.115
logoutlocation:
  world: world_1.17
  x: -1459.1144355475437
  y: 80.0
  z: 777.2754596119938
  yaw: 155.10089
  pitch: 17.24999
lastlocation:
  world: world_1.17
  x: -1338.2523235099948
  y: 16.0
  z: 500.06972241622094
  yaw: 169.21216
  pitch: 16.800253
afk: false
homes:
  home:
    world: world_1.17
    x: -1431.4021539454795
    y: 71.5625
    z: 803.4272506915769
    yaw: -138.60004
    pitch: 43.800014
  dr:
    world: world_1.17
    x: -1166.5997737101675
    y: 22.0
    z: 902.4040026181516
    yaw: 6.298462
    pitch: 19.49988
  dv:
    world: world_1.17
    x: -1298.5857395060784
    y: 11.0
    z: 789.4229956882529
    yaw: -89.701294
    pitch: 15.451219
