lastAccountName: Rina
timestamps:
  login: 1640952592103
  logout: 1640956959891
  lastteleport: 1640948894053
ipAddress: 86.49.232.36
logoutlocation:
  world: world_1.17
  x: -1429.8504653647506
  y: 71.0
  z: 798.9859089127619
  yaw: -160.35028
  pitch: 33.299904
lastlocation:
  world: world_1.17
  x: -1376.699999988079
  y: 54.0
  z: 808.6999999880791
  yaw: 144.68115
  pitch: 2.7016933
afk: false
homes:
  home:
    world: world_1.17
    x: -1431.4021539454795
    y: 71.5625
    z: 803.4272506915769
    yaw: -138.60004
    pitch: 43.800014
