lastAccountName: Rina
timestamps:
  login: 1641586454915
  logout: 1641579296141
  lastteleport: 1641578420236
ipAddress: 86.49.232.71
logoutlocation:
  world: world_1.17
  x: -1303.938128744103
  y: 11.0
  z: 892.5194415557831
  yaw: 98.24829
  pitch: 21.000116
lastlocation:
  world: world_1.17
  x: -1389.5737933039386
  y: 11.0
  z: 789.459230993981
  yaw: -166.79932
  pitch: 30.750029
afk: false
homes:
  home:
    world: world_1.17
    x: -1431.4021539454795
    y: 71.5625
    z: 803.4272506915769
    yaw: -138.60004
    pitch: 43.800014
