lastAccountName: Rina
timestamps:
  login: 1641470965767
  logout: 1641476754991
  lastteleport: 1641476697364
ipAddress: 86.49.232.71
logoutlocation:
  world: world_1.17
  x: -1429.408011445096
  y: 71.0
  z: 798.611436577585
  yaw: -4.049408
  pitch: 20.099913
lastlocation:
  world: world_1.17
  x: -1399.6891516210815
  y: 11.0
  z: 821.5372221700385
  yaw: -80.653564
  pitch: 33.74992
afk: false
homes:
  home:
    world: world_1.17
    x: -1431.4021539454795
    y: 71.5625
    z: 803.4272506915769
    yaw: -138.60004
    pitch: 43.800014
