lastAccountName: Rina
timestamps:
  login: 1640945196975
  logout: 1640948953783
  lastteleport: 1640948894053
ipAddress: 86.49.232.36
logoutlocation:
  world: world_1.17
  x: -1432.2778865564403
  y: 75.0
  z: 795.9849027208446
  yaw: -122.5502
  pitch: 18.299997
lastlocation:
  world: world_1.17
  x: -1376.699999988079
  y: 54.0
  z: 808.6999999880791
  yaw: 144.68115
  pitch: 2.7016933
afk: false
homes:
  home:
    world: world_1.17
    x: -1431.4021539454795
    y: 71.5625
    z: 803.4272506915769
    yaw: -138.60004
    pitch: 43.800014
