timestamps:
  login: 1660567444733
  logout: 1660568954037
  lastteleport: 1658306585424
  lastheal: 0
  mute: 0
  jail: 0
  onlinejail: 0
logoutlocation:
  world: 3a2fbc93-1d4c-4ec0-98d1-6263e95420c4
  x: -30.489763522405468
  y: 116.0
  z: -98.71390117933271
  yaw: 1.81689453125
  pitch: 6.150150775909424
  world-name: world_1.17_nether
lastlocation:
  world: 5e52e54b-69fd-4280-ae27-5dabf3e709a5
  x: -1896.3764489603204
  y: 27.0
  z: 777.0907082521571
  yaw: -154.7908477783203
  pitch: 3.599961757659912
  world-name: world_1.17
afk: false
homes:
  home:
    world: 5e52e54b-69fd-4280-ae27-5dabf3e709a5
    x: -1403.1189816296996
    y: 57.0
    z: 807.1769308112258
    yaw: -169.04901123046875
    pitch: 27.750032424926758
    world-name: world_1.17
  dr:
    world: 5e52e54b-69fd-4280-ae27-5dabf3e709a5
    x: -1330.780609308286
    y: 25.0
    z: -47.81439454658306
    yaw: 6.540771484375
    pitch: 7.800143718719482
    world-name: world_1.17
  dv:
    world: 5e52e54b-69fd-4280-ae27-5dabf3e709a5
    x: -605.3002327741636
    y: 88.0
    z: 1107.5795073342174
    yaw: -38.66214370727539
    pitch: 37.05059051513672
    world-name: world_1.17
ip-address: 86.49.246.123
last-account-name: Rina
teleportenabled: true
teleportauto: false
godmode: false
muted: false
jailed: false
socialspy: false
npc: false
powertoolsenabled: true
accepting-pay: true
baltop-exempt: false
money: '0'
