lastAccountName: Rina
timestamps:
  login: 1642683463534
  logout: 1642684436690
  lastteleport: 1642684376133
ipAddress: 147.32.96.50
logoutlocation:
  world: world_1.17
  x: -1410.673891131579
  y: 57.0
  z: 793.744742868545
  yaw: -3.7506378
  pitch: 3.2999408
lastlocation:
  world: world_1.17
  x: -1361.4594626366147
  y: 29.0
  z: 30.775039602483666
  yaw: 44.19873
  pitch: 17.100594
afk: false
homes:
  home:
    world: world_1.17
    x: -1431.4021539454795
    y: 71.5625
    z: 803.4272506915769
    yaw: -138.60004
    pitch: 43.800014
  dr:
    world: world_1.17
    x: -1380.300000011921
    y: 13.0
    z: 88.86990621847046
    yaw: 144.3872
    pitch: 30.450184
  dv:
    world: world_1.17
    x: -1290.4177246236063
    y: 16.0
    z: 546.5461872867384
    yaw: 174.7638
    pitch: 7.500042
