lastAccountName: Rina
timestamps:
  login: 1640701652185
  logout: 1640697569734
  lastteleport: 1640649620530
ipAddress: 86.49.232.36
logoutlocation:
  world: world_1.17
  x: -1429.5661041782973
  y: 71.0
  z: 798.7038724961026
  yaw: -10.221436
  pitch: 21.299458
lastlocation:
  world: world_1.17
  x: -1374.300000011921
  y: 32.0
  z: 760.3000000119209
  yaw: 86.102356
  pitch: 28.049845
afk: false
homes:
  home:
    world: world_1.17
    x: -1431.4021539454795
    y: 71.5625
    z: 803.4272506915769
    yaw: -138.60004
    pitch: 43.800014
