lastAccountName: Rina
timestamps:
  login: 1641463619367
  logout: 1641465286137
  lastteleport: 1641464734686
ipAddress: 86.49.232.71
logoutlocation:
  world: world_1.17
  x: -1475.5
  y: 73.0
  z: 759.5
  yaw: 79.950005
  pitch: 19.2
lastlocation:
  world: world_1.17
  x: -1410.699999988079
  y: 15.0
  z: 846.3000000119209
  yaw: -6.4541035
  pitch: 10.200238
afk: false
homes:
  home:
    world: world_1.17
    x: -1431.4021539454795
    y: 71.5625
    z: 803.4272506915769
    yaw: -138.60004
    pitch: 43.800014
