lastAccountName: Rina
timestamps:
  login: 1641504625126
  logout: 1641507706086
  lastteleport: 1641507377995
ipAddress: 86.49.232.71
logoutlocation:
  world: world_1.17
  x: -1473.1229406163463
  y: 62.0
  z: 768.367237474344
  yaw: -179.84814
  pitch: 7.5001707
lastlocation:
  world: world_1.17
  x: -1396.4721975123512
  y: 11.0
  z: 759.7705289438694
  yaw: 34.647217
  pitch: 29.849981
afk: false
homes:
  home:
    world: world_1.17
    x: -1431.4021539454795
    y: 71.5625
    z: 803.4272506915769
    yaw: -138.60004
    pitch: 43.800014
