lastAccountName: Rina
timestamps:
  login: 1643583451687
  logout: 1643583596064
  lastteleport: 1643206567318
ipAddress: 86.49.232.204
logoutlocation:
  world: world_1.17
  x: -1402.953574746168
  y: 57.0
  z: 795.054856694024
  yaw: 177.89815
  pitch: 14.249818
lastlocation:
  world: world_1.17
  x: -1380.5772824192384
  y: 65.0
  z: 107.74546168349472
  yaw: 151.93716
  pitch: 31.649984
afk: false
homes:
  home:
    world: world_1.17
    x: -1403.1189816296996
    y: 57.0
    z: 807.1769308112258
    yaw: -169.04901
    pitch: 27.750032
  dr:
    world: world_1.17
    x: -1330.780609308286
    y: 25.0
    z: -47.81439454658306
    yaw: 6.5407715
    pitch: 7.8001437
  dv:
    world: world_1.17
    x: -1380.5772824192384
    y: 65.0
    z: 107.74546168349472
    yaw: 151.93716
    pitch: 31.649984
