lastAccountName: Rina
timestamps:
  login: 1643328927738
  logout: 1643329053564
  lastteleport: 1643206567318
ipAddress: 86.49.233.48
logoutlocation:
  world: world_1.17
  x: -1403.6877838060807
  y: 57.0
  z: 785.7000110379533
  yaw: -0.45031738
  pitch: 17.099918
lastlocation:
  world: world_1.17
  x: -1380.5772824192384
  y: 65.0
  z: 107.74546168349472
  yaw: 151.93716
  pitch: 31.649984
afk: false
homes:
  home:
    world: world_1.17
    x: -1403.1189816296996
    y: 57.0
    z: 807.1769308112258
    yaw: -169.04901
    pitch: 27.750032
  dr:
    world: world_1.17
    x: -1330.780609308286
    y: 25.0
    z: -47.81439454658306
    yaw: 6.5407715
    pitch: 7.8001437
  dv:
    world: world_1.17
    x: -1380.5772824192384
    y: 65.0
    z: 107.74546168349472
    yaw: 151.93716
    pitch: 31.649984
