lastAccountName: Rina
timestamps:
  login: 1641592395741
  logout: 1641592874786
  lastteleport: 1641592831054
ipAddress: 86.49.232.71
logoutlocation:
  world: world_1.17
  x: -1432.0103275335432
  y: 66.0
  z: 791.7952463308144
  yaw: -40.049248
  pitch: 17.399918
lastlocation:
  world: world_1.17
  x: -1135.9628676100028
  y: 33.0
  z: 905.6373730853737
  yaw: -82.48389
  pitch: 6.299984
afk: false
homes:
  home:
    world: world_1.17
    x: -1431.4021539454795
    y: 71.5625
    z: 803.4272506915769
    yaw: -138.60004
    pitch: 43.800014
  dr:
    world: world_1.17
    x: -1166.5997737101675
    y: 22.0
    z: 902.4040026181516
    yaw: 6.298462
    pitch: 19.49988
