lastAccountName: Rina
timestamps:
  login: 1642793780725
  logout: 1642794629040
  lastteleport: 1642794557591
ipAddress: 86.49.233.45
logoutlocation:
  world: world_1.17
  x: -1400.9958042913772
  y: 57.0
  z: 801.5300962635752
  yaw: -58.34951
  pitch: 31.949968
lastlocation:
  world: world_1.17
  x: -1338.1822492566155
  y: 22.0
  z: 29.807777387988068
  yaw: -4.4105835
  pitch: 12.751072
afk: false
homes:
  home:
    world: world_1.17
    x: -1431.4021539454795
    y: 71.5625
    z: 803.4272506915769
    yaw: -138.60004
    pitch: 43.800014
  dr:
    world: world_1.17
    x: -1330.780609308286
    y: 25.0
    z: -47.81439454658306
    yaw: 6.5407715
    pitch: 7.8001437
  dv:
    world: world_1.17
    x: -1290.4177246236063
    y: 16.0
    z: 546.5461872867384
    yaw: 174.7638
    pitch: 7.500042
