lastAccountName: Rina
timestamps:
  login: 1640649399126
  logout: 1640642155932
  lastteleport: 1640649620530
ipAddress: 86.49.232.36
logoutlocation:
  world: world_1.17
  x: -1429.8571002628667
  y: 71.0
  z: 796.1785104250898
  yaw: -36.599396
  pitch: 20.699957
lastlocation:
  world: world_1.17
  x: -1374.300000011921
  y: 32.0
  z: 760.3000000119209
  yaw: 86.102356
  pitch: 28.049845
afk: false
homes:
  home:
    world: world_1.17
    x: -1431.4021539454795
    y: 71.5625
    z: 803.4272506915769
    yaw: -138.60004
    pitch: 43.800014
