timestamps:
  login: 1695918728685
  logout: 1695920437479
  lastteleport: 1695912660429
  lastheal: 0
  mute: 0
  jail: 0
  onlinejail: 0
logoutlocation:
  world: 5e52e54b-69fd-4280-ae27-5dabf3e709a5
  x: -2272.513533024188
  y: 22.0
  z: 767.4379050628776
  yaw: 88.3701171875
  pitch: 7.799983024597168
  world-name: world_1.17
lastlocation:
  world: 5e52e54b-69fd-4280-ae27-5dabf3e709a5
  x: -2018.7063727836864
  y: 15.0
  z: 831.0957987782034
  yaw: 14.85400390625
  pitch: 11.400420188903809
  world-name: world_1.17
afk: false
homes:
  home:
    world: 5e52e54b-69fd-4280-ae27-5dabf3e709a5
    x: -1920.4195964593762
    y: 69.0
    z: 835.3934193341887
    yaw: -168.445068359375
    pitch: 32.84992599487305
    world-name: world_1.17
  dr:
    world: 5e52e54b-69fd-4280-ae27-5dabf3e709a5
    x: -1330.780609308286
    y: 25.0
    z: -47.81439454658306
    yaw: 6.540771484375
    pitch: 7.800143718719482
    world-name: world_1.17
  dv:
    world: 5e52e54b-69fd-4280-ae27-5dabf3e709a5
    x: -605.3002327741636
    y: 88.0
    z: 1107.5795073342174
    yaw: -38.66214370727539
    pitch: 37.05059051513672
    world-name: world_1.17
ip-address: 89.177.188.35
last-account-name: Rina
teleportenabled: true
teleportauto: false
godmode: false
muted: false
jailed: false
socialspy: false
npc: false
powertoolsenabled: true
accepting-pay: true
baltop-exempt: false
money: '0'
