lastAccountName: Rina
timestamps:
  login: 1642719854845
  logout: 1642720047359
  lastteleport: 1642720006166
ipAddress: 86.49.233.45
logoutlocation:
  world: world_1.17
  x: -1429.1374615508087
  y: 75.0
  z: 800.5752514905746
  yaw: -163.04997
  pitch: 19.34992
lastlocation:
  world: world_1.17
  x: -1366.300000011921
  y: 16.0
  z: 45.89379987229064
  yaw: 149.79102
  pitch: 15.900158
afk: false
homes:
  home:
    world: world_1.17
    x: -1431.4021539454795
    y: 71.5625
    z: 803.4272506915769
    yaw: -138.60004
    pitch: 43.800014
  dr:
    world: world_1.17
    x: -1380.300000011921
    y: 13.0
    z: 88.86990621847046
    yaw: 144.3872
    pitch: 30.450184
  dv:
    world: world_1.17
    x: -1290.4177246236063
    y: 16.0
    z: 546.5461872867384
    yaw: 174.7638
    pitch: 7.500042
