lastAccountName: Rina
timestamps:
  login: 1641578157773
  logout: 1641573012139
  lastteleport: 1641578420236
ipAddress: 86.49.232.71
logoutlocation:
  world: world_1.17
  x: -1441.5959419062706
  y: 66.0
  z: 793.7476299974622
  yaw: 133.19998
  pitch: 20.100006
lastlocation:
  world: world_1.17
  x: -1389.5737933039386
  y: 11.0
  z: 789.459230993981
  yaw: -166.79932
  pitch: 30.750029
afk: false
homes:
  home:
    world: world_1.17
    x: -1431.4021539454795
    y: 71.5625
    z: 803.4272506915769
    yaw: -138.60004
    pitch: 43.800014
