lastAccountName: Rina
timestamps:
  login: 1643143216510
  logout: 1643144724383
  lastteleport: 1643144586782
ipAddress: 86.49.232.212
logoutlocation:
  world: world_1.17
  x: -1386.5240263142036
  y: 63.0
  z: 795.1720907634732
  yaw: 105.75183
  pitch: 14.550037
lastlocation:
  world: world_1.17
  x: -1221.478178949077
  y: 71.0
  z: -174.9688401599161
  yaw: -173.11385
  pitch: 43.049908
afk: false
homes:
  home:
    world: world_1.17
    x: -1403.1189816296996
    y: 57.0
    z: 807.1769308112258
    yaw: -169.04901
    pitch: 27.750032
  dr:
    world: world_1.17
    x: -1330.780609308286
    y: 25.0
    z: -47.81439454658306
    yaw: 6.5407715
    pitch: 7.8001437
  dv:
    world: world_1.17
    x: -1223.8604473169382
    y: 64.0
    z: -228.0678258074321
    yaw: 45.28607
    pitch: 22.349962
