lastAccountName: Rina
timestamps:
  login: 1642856304631
  logout: 1642857346891
  lastteleport: 1642857107680
ipAddress: 86.49.233.71
logoutlocation:
  world: world_1.17
  x: -1380.4864656561776
  y: 69.0
  z: 800.8837917159606
  yaw: 142.64948
  pitch: 14.999819
lastlocation:
  world: world_1.17
  x: -1228.264242344064
  y: 67.0
  z: 61.55763472217142
  yaw: -120.94446
  pitch: 12.75077
afk: false
homes:
  home:
    world: world_1.17
    x: -1431.4021539454795
    y: 71.5625
    z: 803.4272506915769
    yaw: -138.60004
    pitch: 43.800014
  dr:
    world: world_1.17
    x: -1330.780609308286
    y: 25.0
    z: -47.81439454658306
    yaw: 6.5407715
    pitch: 7.8001437
  dv:
    world: world_1.17
    x: -1228.264242344064
    y: 67.0
    z: 61.55763472217142
    yaw: -120.94446
    pitch: 12.75077
