lastAccountName: Rina
timestamps:
  login: 1641419536036
  logout: 1641421964086
  lastteleport: 1641420987935
ipAddress: 86.49.232.71
logoutlocation:
  world: world_1.17
  x: -1471.5380626638105
  y: 62.0
  z: 764.9359396323114
  yaw: 149.09741
  pitch: 19.04979
lastlocation:
  world: world_1.17
  x: -1422.755258605262
  y: 63.0
  z: 759.0452895077054
  yaw: -15.440338
  pitch: 16.649221
afk: false
homes:
  home:
    world: world_1.17
    x: -1431.4021539454795
    y: 71.5625
    z: 803.4272506915769
    yaw: -138.60004
    pitch: 43.800014
