lastAccountName: Rina
timestamps:
  login: 1642318668104
  logout: 1642320875037
  lastteleport: 1642320229055
ipAddress: 86.49.232.115
logoutlocation:
  world: world_1.17
  x: -1432.0072967087137
  y: 71.0
  z: 779.2714877191863
  yaw: -81.291016
  pitch: 7.6503854
lastlocation:
  world: world_1.17
  x: -1407.0050309159535
  y: 14.0
  z: 735.2833523809898
  yaw: 147.17114
  pitch: 6.45014
afk: false
homes:
  home:
    world: world_1.17
    x: -1431.4021539454795
    y: 71.5625
    z: 803.4272506915769
    yaw: -138.60004
    pitch: 43.800014
  dr:
    world: world_1.17
    x: -1166.5997737101675
    y: 22.0
    z: 902.4040026181516
    yaw: 6.298462
    pitch: 19.49988
  dv:
    world: world_1.17
    x: -1503.34472479379
    y: 15.0
    z: 1000.8995815511015
    yaw: -17.062988
    pitch: 14.849796
