lastAccountName: Rina
timestamps:
  login: 1640810167729
  logout: 1640804497783
  lastteleport: 1640712039388
ipAddress: 86.49.232.36
logoutlocation:
  world: world_1.17
  x: -1429.8341439781873
  y: 71.0
  z: 796.4838456269124
  yaw: 13.681641
  pitch: 14.250473
lastlocation:
  world: world_1.17
  x: -1375.699999988079
  y: 29.0
  z: 759.6999999880791
  yaw: -5.0024414
  pitch: -8.5506
afk: false
homes:
  home:
    world: world_1.17
    x: -1431.4021539454795
    y: 71.5625
    z: 803.4272506915769
    yaw: -138.60004
    pitch: 43.800014
