lastAccountName: Rina
timestamps:
  login: 1640649399126
  logout: 1640651763384
  lastteleport: 1640649620530
ipAddress: 86.49.232.36
logoutlocation:
  world: world_1.17
  x: -1422.7138619122884
  y: 71.0
  z: 792.6383649079461
  yaw: -175.79997
  pitch: 11.549906
lastlocation:
  world: world_1.17
  x: -1374.300000011921
  y: 32.0
  z: 760.3000000119209
  yaw: 86.102356
  pitch: 28.049845
afk: false
homes:
  home:
    world: world_1.17
    x: -1431.4021539454795
    y: 71.5625
    z: 803.4272506915769
    yaw: -138.60004
    pitch: 43.800014
