lastAccountName: Rina
timestamps:
  login: 1642537304049
  logout: 1642539932799
  lastteleport: 1642539766544
ipAddress: 86.49.232.196
logoutlocation:
  world: world_1.17
  x: -1459.1665912376018
  y: 80.0
  z: 778.1915653243364
  yaw: -177.29651
  pitch: 27.149899
lastlocation:
  world: world_1.17
  x: -1317.3933005988595
  y: 18.0
  z: 486.34972692053657
  yaw: -73.670654
  pitch: 21.599903
afk: false
homes:
  home:
    world: world_1.17
    x: -1431.4021539454795
    y: 71.5625
    z: 803.4272506915769
    yaw: -138.60004
    pitch: 43.800014
  dr:
    world: world_1.17
    x: -1166.5997737101675
    y: 22.0
    z: 902.4040026181516
    yaw: 6.298462
    pitch: 19.49988
  dv:
    world: world_1.17
    x: -1290.4177246236063
    y: 16.0
    z: 546.5461872867384
    yaw: 174.7638
    pitch: 7.500042
