lastAccountName: Rina
timestamps:
  login: 1641636089069
  logout: 1641598764093
  lastteleport: 1641596499331
ipAddress: 86.49.232.71
logoutlocation:
  world: world_1.17
  x: -1409.5873740275513
  y: 66.0
  z: 780.3399278156336
  yaw: 36.753662
  pitch: 0.15104277
lastlocation:
  world: world_1.17
  x: -1279.7026820836822
  y: 12.0
  z: 915.0032007389115
  yaw: -5.5509033
  pitch: 30.599869
afk: false
homes:
  home:
    world: world_1.17
    x: -1431.4021539454795
    y: 71.5625
    z: 803.4272506915769
    yaw: -138.60004
    pitch: 43.800014
  dr:
    world: world_1.17
    x: -1166.5997737101675
    y: 22.0
    z: 902.4040026181516
    yaw: 6.298462
    pitch: 19.49988
