lastAccountName: Rina
timestamps:
  login: 1642618015284
  logout: 1642618807208
  lastteleport: 1642618733783
ipAddress: 86.49.232.196
logoutlocation:
  world: world_1.17
  x: -1467.6240790283732
  y: 68.0
  z: 804.3000000119209
  yaw: -151.0495
  pitch: 11.100036
lastlocation:
  world: world_1.17
  x: -1384.997675079967
  y: 13.0
  z: 80.8252842675028
  yaw: -86.607666
  pitch: 12.2999735
afk: false
homes:
  home:
    world: world_1.17
    x: -1431.4021539454795
    y: 71.5625
    z: 803.4272506915769
    yaw: -138.60004
    pitch: 43.800014
  dr:
    world: world_1.17
    x: -1380.300000011921
    y: 13.0
    z: 88.86990621847046
    yaw: 144.3872
    pitch: 30.450184
  dv:
    world: world_1.17
    x: -1290.4177246236063
    y: 16.0
    z: 546.5461872867384
    yaw: 174.7638
    pitch: 7.500042
