lastAccountName: Rina
timestamps:
  login: 1642361702831
  logout: 1642362886890
  lastteleport: 1642362705158
ipAddress: 86.49.232.115
logoutlocation:
  world: world_1.17
  x: -1404.1712455866493
  y: 61.0
  z: 752.5897200177217
  yaw: 86.996735
  pitch: 19.200047
lastlocation:
  world: world_1.17
  x: -1298.5857395060784
  y: 11.0
  z: 789.4229956882529
  yaw: -89.701294
  pitch: 15.451219
afk: false
homes:
  home:
    world: world_1.17
    x: -1431.4021539454795
    y: 71.5625
    z: 803.4272506915769
    yaw: -138.60004
    pitch: 43.800014
  dr:
    world: world_1.17
    x: -1166.5997737101675
    y: 22.0
    z: 902.4040026181516
    yaw: 6.298462
    pitch: 19.49988
  dv:
    world: world_1.17
    x: -1298.5857395060784
    y: 11.0
    z: 789.4229956882529
    yaw: -89.701294
    pitch: 15.451219
