lastAccountName: Rina
timestamps:
  login: 1642865375874
  logout: 1642866855294
  lastteleport: 1642866813646
ipAddress: 86.49.233.71
logoutlocation:
  world: world_1.17
  x: -1424.5622008600815
  y: 71.0
  z: 781.2170708428025
  yaw: 100.200134
  pitch: 8.699991
lastlocation:
  world: world_1.17
  x: -823.5699288807224
  y: 69.0
  z: -265.13749998807907
  yaw: -50.55077
  pitch: 33.45015
afk: false
homes:
  home:
    world: world_1.17
    x: -1431.4021539454795
    y: 71.5625
    z: 803.4272506915769
    yaw: -138.60004
    pitch: 43.800014
  dr:
    world: world_1.17
    x: -1330.780609308286
    y: 25.0
    z: -47.81439454658306
    yaw: 6.5407715
    pitch: 7.8001437
  dv:
    world: world_1.17
    x: -823.5699288807224
    y: 69.0
    z: -265.13749998807907
    yaw: -35.400734
    pitch: 37.65014
