lastAccountName: Rina
timestamps:
  login: 1642770365046
  logout: 1642770994114
  lastteleport: 1642770891636
ipAddress: 86.49.233.45
logoutlocation:
  world: world_1.17
  x: -1401.558292116318
  y: 57.0
  z: 805.038796582859
  yaw: 152.85167
  pitch: 20.399776
lastlocation:
  world: world_1.17
  x: -1340.9843185831323
  y: 19.0
  z: -11.386699838028955
  yaw: 62.05139
  pitch: 22.049646
afk: false
homes:
  home:
    world: world_1.17
    x: -1431.4021539454795
    y: 71.5625
    z: 803.4272506915769
    yaw: -138.60004
    pitch: 43.800014
  dr:
    world: world_1.17
    x: -1380.300000011921
    y: 13.0
    z: 88.86990621847046
    yaw: 144.3872
    pitch: 30.450184
  dv:
    world: world_1.17
    x: -1290.4177246236063
    y: 16.0
    z: 546.5461872867384
    yaw: 174.7638
    pitch: 7.500042
