lastAccountName: Rina
timestamps:
  login: 1640764351485
  logout: 1640766196036
  lastteleport: 1640712039388
ipAddress: 86.49.232.36
logoutlocation:
  world: world_1.17
  x: -1430.1195585012345
  y: 71.0
  z: 797.1350043124368
  yaw: -167.10303
  pitch: 25.801508
lastlocation:
  world: world_1.17
  x: -1375.699999988079
  y: 29.0
  z: 759.6999999880791
  yaw: -5.0024414
  pitch: -8.5506
afk: false
homes:
  home:
    world: world_1.17
    x: -1431.4021539454795
    y: 71.5625
    z: 803.4272506915769
    yaw: -138.60004
    pitch: 43.800014
