timestamps:
  login: 1695554611825
  logout: 1695555761122
  lastteleport: 1695555718071
  lastheal: 0
  mute: 0
  jail: 0
  onlinejail: 0
logoutlocation:
  world: 5e52e54b-69fd-4280-ae27-5dabf3e709a5
  x: -1930.2159045694636
  y: 67.0
  z: 827.1740511416436
  yaw: 83.55511474609375
  pitch: 20.84986686706543
  world-name: world_1.17
lastlocation:
  world: 3a2fbc93-1d4c-4ec0-98d1-6263e95420c4
  x: -204.45808985838963
  y: 117.0
  z: 166.69999998807907
  yaw: -159.1248779296875
  pitch: 22.79979705810547
  world-name: world_1.17_nether
afk: false
homes:
  home:
    world: 5e52e54b-69fd-4280-ae27-5dabf3e709a5
    x: -1920.4195964593762
    y: 69.0
    z: 835.3934193341887
    yaw: -168.445068359375
    pitch: 32.84992599487305
    world-name: world_1.17
  dr:
    world: 5e52e54b-69fd-4280-ae27-5dabf3e709a5
    x: -1330.780609308286
    y: 25.0
    z: -47.81439454658306
    yaw: 6.540771484375
    pitch: 7.800143718719482
    world-name: world_1.17
  dv:
    world: 5e52e54b-69fd-4280-ae27-5dabf3e709a5
    x: -605.3002327741636
    y: 88.0
    z: 1107.5795073342174
    yaw: -38.66214370727539
    pitch: 37.05059051513672
    world-name: world_1.17
ip-address: 89.177.188.35
last-account-name: Rina
teleportenabled: true
teleportauto: false
godmode: false
muted: false
jailed: false
socialspy: false
npc: false
powertoolsenabled: true
accepting-pay: true
baltop-exempt: false
money: '0'
