lastAccountName: KajaF
timestamps:
  login: 1627225749573
  logout: 1627236362117
  lastteleport: 1627235949576
ipAddress: 89.177.225.70
homes:
  home:
    world: world_1.17
    x: 3272.5388665540063
    y: 63.0
    z: -2082.376766123202
    yaw: 34.655487
    pitch: 19.04963
  mine:
    world: world_1.17
    x: 2515.366657808441
    y: 63.0
    z: -1982.8926654180816
    yaw: -56.993835
    pitch: 42.449993
  village:
    world: world_1.17
    x: 151.6389604177642
    y: 83.5
    z: 11.534097818023232
    yaw: -7.197876
    pitch: 21.000036
logoutlocation:
  world: world_1.17
  x: 2515.155366716025
  y: 63.0
  z: -1982.8034431646392
  yaw: -17.587528
  pitch: 23.69991
lastlocation:
  world: world_1.17
  x: 3261.884233154002
  y: 63.0
  z: -2076.5860328766316
  yaw: -31.944487
  pitch: 14.099629
afk: false
nickname: Kaja
