lastAccountName: KajaF
timestamps:
  login: 1605892075914
  logout: 1605735212541
  lastteleport: 1605897157429
ipAddress: 31.133.12.115
homes:
  home:
    world: world
    x: 150.15244394662403
    y: 73.0
    z: 195.2515342292073
    yaw: 83.09999
    pitch: 29.849981
  village:
    world: world
    x: 296.80325191884276
    y: 71.0
    z: 13.757893888668963
    yaw: 39.160366
    pitch: 20.700212
  mine:
    world: world
    x: -390.56817173995194
    y: 73.0
    z: 2.943061964189925
    yaw: 253.01257
    pitch: 33.599976
logoutlocation:
  world: world
  x: 150.69168654905857
  y: 73.0
  z: 194.82314038125543
  yaw: 82.95005
  pitch: 27.750013
lastlocation:
  world: world
  x: 151.47446598942346
  y: 73.0
  z: 194.70056904097564
  yaw: -259.5
  pitch: 32.55006
afk: false
nickname: Kaja
