lastAccountName: KajaF
timestamps:
  login: 1606586196399
  logout: 1606559751392
  lastteleport: 1606593979560
ipAddress: 89.177.142.185
homes:
  home:
    world: world
    x: 150.15244394662403
    y: 73.0
    z: 195.2515342292073
    yaw: 83.09999
    pitch: 29.849981
  village:
    world: world
    x: 270.1498380539681
    y: 75.5
    z: 30.671287847118446
    yaw: 158.91278
    pitch: 27.30015
  mine:
    world: world
    x: 237.69999998807907
    y: 5.0
    z: 60.6944955756579
    yaw: 180.6394
    pitch: 7.1995497
logoutlocation:
  world: world
  x: 148.2487495454182
  y: 73.0
  z: 196.37546005767632
  yaw: 249.45026
  pitch: 23.250105
lastlocation:
  world: world
  x: 237.69999998807907
  y: 5.0
  z: 60.6944955756579
  yaw: 180.6394
  pitch: 7.1995497
afk: false
nickname: Kaja
