lastAccountName: KajaF
timestamps:
  login: 1605606708555
  logout: 1605564206816
  lastteleport: 1605615554902
ipAddress: 89.177.142.185
homes:
  home:
    world: world
    x: 150.15244394662403
    y: 73.0
    z: 195.2515342292073
    yaw: 83.09999
    pitch: 29.849981
  village:
    world: world
    x: -30.859398140932363
    y: 68.9375
    z: 84.77375651255315
    yaw: -48.301216
    pitch: 25.500137
  mine:
    world: world
    x: -875.6718806638582
    y: 70.9375
    z: -253.07889565625223
    yaw: -89.84982
    pitch: 22.349907
logoutlocation:
  world: world
  x: 159.6982421875
  y: 73.8500000178814
  z: 191.17542938873873
  yaw: 61.465546
  pitch: 19.050358
lastlocation:
  world: world
  x: 150.5
  y: 73.0
  z: 195.5
  yaw: 144.89996
  pitch: 32.24997
afk: false
