lastAccountName: KajaF
timestamps:
  login: 1607805140473
  logout: 1607809092315
  lastteleport: 1607807960144
ipAddress: 89.177.142.185
homes:
  home:
    world: world
    x: 150.15244394662403
    y: 73.0
    z: 195.2515342292073
    yaw: 83.09999
    pitch: 29.849981
  mine:
    world: world
    x: -522.249832044449
    y: 110.0
    z: 129.01860259479133
    yaw: 229.6422
    pitch: 40.349842
  jungle:
    world: world
    x: 2416.239109735711
    y: 65.0
    z: -4757.303402813637
    yaw: -187.49763
    pitch: 25.800291
logoutlocation:
  world: world
  x: -522.3824434235889
  y: 78.0
  z: 115.9823342758833
  yaw: 241.8274
  pitch: 37.05034
lastlocation:
  world: world
  x: 147.74019542790396
  y: 73.0
  z: 194.68848881696175
  yaw: 119.84995
  pitch: 35.999958
afk: false
nickname: Kaja
