lastAccountName: KajaF
timestamps:
  login: 1606072928682
  logout: 1606072351705
  lastteleport: 1606074747752
ipAddress: 89.177.142.185
homes:
  home:
    world: world
    x: 150.15244394662403
    y: 73.0
    z: 195.2515342292073
    yaw: 83.09999
    pitch: 29.849981
  village:
    world: world
    x: 292.32083451116443
    y: 70.0
    z: 58.80969552629469
    yaw: 104.68231
    pitch: 33.900032
  mine:
    world: world
    x: -52.20422234526456
    y: 71.0
    z: 96.39704623188773
    yaw: 133.76123
    pitch: 24.300364
logoutlocation:
  world: world
  x: 150.5
  y: 73.0
  z: 195.5
  yaw: 136.19998
  pitch: 15.899971
lastlocation:
  world: world
  x: 152.0065249961224
  y: 70.0
  z: 195.96359438644382
  yaw: 303.3002
  pitch: 11.7
afk: false
nickname: Kaja
