lastAccountName: KajaF
timestamps:
  login: 1606072928682
  logout: 1606072351705
  lastteleport: 1606071358247
ipAddress: 89.177.142.185
homes:
  home:
    world: world
    x: 150.15244394662403
    y: 73.0
    z: 195.2515342292073
    yaw: 83.09999
    pitch: 29.849981
  village:
    world: world
    x: 292.32083451116443
    y: 70.0
    z: 58.80969552629469
    yaw: 104.68231
    pitch: 33.900032
  mine:
    world: world
    x: 50.78623088215573
    y: 4.0
    z: 146.5862694429338
    yaw: 90.99341
    pitch: -12.14931
logoutlocation:
  world: world
  x: 150.5
  y: 73.0
  z: 195.5
  yaw: 136.19998
  pitch: 15.899971
lastlocation:
  world: world
  x: -53.09331211130901
  y: 71.90290000319482
  z: 72.87609058624695
  yaw: 275.15094
  pitch: 35.699944
afk: false
nickname: Kaja
