lastAccountName: KajaF
timestamps:
  login: 1606845737344
  logout: 1606773941595
  lastteleport: 1606773913253
ipAddress: 89.177.142.185
homes:
  home:
    world: world
    x: 150.15244394662403
    y: 73.0
    z: 195.2515342292073
    yaw: 83.09999
    pitch: 29.849981
  village:
    world: world
    x: 270.1498380539681
    y: 75.5
    z: 30.671287847118446
    yaw: 158.91278
    pitch: 27.30015
  mine:
    world: world
    x: 171.60552485843738
    y: 12.0
    z: -309.83052137831146
    yaw: 175.95776
    pitch: 23.700253
logoutlocation:
  world: world
  x: 154.76743739732208
  y: 73.0
  z: 196.09390087040373
  yaw: 95.54986
  pitch: 25.349997
lastlocation:
  world: world
  x: 232.8065996291557
  y: 65.0
  z: 254.16212885145046
  yaw: 101.548096
  pitch: 9.150143
afk: false
nickname: Kaja
