lastAccountName: KajaF
timestamps:
  login: 1607776435444
  logout: 1607714719214
  lastteleport: 1607776480921
ipAddress: 89.177.142.185
homes:
  home:
    world: world
    x: 150.15244394662403
    y: 73.0
    z: 195.2515342292073
    yaw: 83.09999
    pitch: 29.849981
  mine:
    world: world
    x: -521.7389118003878
    y: 78.0
    z: 120.24965174805921
    yaw: 166.20068
    pitch: 18.15011
  jungle:
    world: world
    x: 2416.239109735711
    y: 65.0
    z: -4757.303402813637
    yaw: -187.49763
    pitch: 25.800291
logoutlocation:
  world: world
  x: -509.6445421312527
  y: 78.0
  z: 120.23155895917988
  yaw: 356.55084
  pitch: 23.25007
lastlocation:
  world: world
  x: 148.68771101552977
  y: 73.0
  z: 196.142198251261
  yaw: 59.09998
  pitch: 24.299969
afk: false
nickname: Kaja
