lastAccountName: KajaF
timestamps:
  login: 1605726737882
  logout: 1605735212541
  lastteleport: 1605735174124
ipAddress: 89.177.142.185
homes:
  home:
    world: world
    x: 150.15244394662403
    y: 73.0
    z: 195.2515342292073
    yaw: 83.09999
    pitch: 29.849981
  village:
    world: world
    x: 296.80325191884276
    y: 71.0
    z: 13.757893888668963
    yaw: 39.160366
    pitch: 20.700212
  mine:
    world: world
    x: 371.9865543564518
    y: 77.0
    z: 151.2269644679966
    yaw: -319.5033
    pitch: 19.500078
logoutlocation:
  world: world
  x: 150.69168654905857
  y: 73.0
  z: 194.82314038125543
  yaw: 82.95005
  pitch: 27.750013
lastlocation:
  world: world
  x: 278.4576957661928
  y: 65.0
  z: -21.467362581252758
  yaw: 84.44995
  pitch: 22.65003
afk: false
nickname: Kaja
