lastAccountName: KajaF
timestamps:
  login: 1607106070942
  logout: 1606853179797
  lastteleport: 1607110678800
ipAddress: 89.177.142.185
homes:
  home:
    world: world
    x: 150.15244394662403
    y: 73.0
    z: 195.2515342292073
    yaw: 83.09999
    pitch: 29.849981
  village:
    world: world
    x: 270.1498380539681
    y: 75.5
    z: 30.671287847118446
    yaw: 158.91278
    pitch: 27.30015
  mine:
    world: world
    x: -2269.445333910817
    y: 66.0
    z: 2764.6314357942415
    yaw: -142.39378
    pitch: 31.350054
logoutlocation:
  world: world
  x: 147.65123510847857
  y: 73.0
  z: 195.80817583460205
  yaw: 69.15015
  pitch: 23.85004
lastlocation:
  world: world
  x: 148.4013114920614
  y: 73.0
  z: 195.9514070545773
  yaw: 192.29991
  pitch: 22.049963
afk: false
nickname: Kaja
