lastAccountName: KajaF
timestamps:
  login: 1607776435444
  logout: 1607780254615
  lastteleport: 1607778576570
ipAddress: 89.177.142.185
homes:
  home:
    world: world
    x: 150.15244394662403
    y: 73.0
    z: 195.2515342292073
    yaw: 83.09999
    pitch: 29.849981
  mine:
    world: world
    x: -521.7389118003878
    y: 78.0
    z: 120.24965174805921
    yaw: 166.20068
    pitch: 18.15011
  jungle:
    world: world
    x: 2416.239109735711
    y: 65.0
    z: -4757.303402813637
    yaw: -187.49763
    pitch: 25.800291
logoutlocation:
  world: world
  x: -509.5070516524671
  y: 77.0
  z: 134.5705164195286
  yaw: 144.00089
  pitch: 7.9499884
lastlocation:
  world: world
  x: 138.92500001192093
  y: 73.0
  z: 191.18490471330765
  yaw: 294.9005
  pitch: 27.45004
afk: false
nickname: Kaja
