lastAccountName: KajaF
timestamps:
  login: 1606422206180
  logout: 1606427924068
  lastteleport: 1606427834274
ipAddress: 89.177.142.185
homes:
  home:
    world: world
    x: 150.15244394662403
    y: 73.0
    z: 195.2515342292073
    yaw: 83.09999
    pitch: 29.849981
  village:
    world: world
    x: 278.78843437677057
    y: 71.0
    z: 12.799370082573915
    yaw: 274.49753
    pitch: 24.2999
  mine:
    world: world
    x: 368.7669355289943
    y: 33.0
    z: 76.915445401841
    yaw: 107.42102
    pitch: 19.500069
logoutlocation:
  world: world
  x: 150.88890862424253
  y: 73.0
  z: 195.54102429017772
  yaw: 287.70117
  pitch: 30.150043
lastlocation:
  world: world
  x: 328.20656341159133
  y: 67.0
  z: -10.138187829755472
  yaw: 100.64865
  pitch: 41.55017
afk: false
nickname: Kaja
