lastAccountName: KajaF
timestamps:
  login: 1615322306624
  logout: 1615324146059
  lastteleport: 1615323713517
ipAddress: 31.133.12.115
homes:
  home:
    world: world
    x: 150.15244394662403
    y: 73.0
    z: 195.2515342292073
    yaw: 83.09999
    pitch: 29.849981
  mine:
    world: world
    x: -518.1228329795529
    y: 110.0
    z: 123.0156727529285
    yaw: 109.8916
    pitch: 30.299898
  jungle:
    world: world
    x: 2416.239109735711
    y: 65.0
    z: -4757.303402813637
    yaw: -187.49763
    pitch: 25.800291
logoutlocation:
  world: world
  x: -518.4118603272874
  y: 114.0
  z: 128.6054121336093
  yaw: 142.48682
  pitch: -37.050114
lastlocation:
  world: world
  x: 148.18065903649537
  y: 73.0
  z: 195.26859553372958
  yaw: 125.399994
  pitch: 27.749962
afk: false
nickname: Kaja
