lastAccountName: KajaF
timestamps:
  login: 1616011974916
  logout: 1616018152687
  lastteleport: 1616017033131
ipAddress: 31.133.12.115
homes:
  home:
    world: world
    x: 150.15244394662403
    y: 73.0
    z: 195.2515342292073
    yaw: 83.09999
    pitch: 29.849981
  mine:
    world: world
    x: -513.7202229182141
    y: 110.0
    z: 132.4614130197109
    yaw: 148.94006
    pitch: 14.700076
  jungle:
    world: world
    x: 2416.239109735711
    y: 65.0
    z: -4757.303402813637
    yaw: -187.49763
    pitch: 25.800291
logoutlocation:
  world: world
  x: -519.6914865716161
  y: 78.0
  z: 138.3000000119209
  yaw: -5.9976044
  pitch: -22.34974
lastlocation:
  world: world
  x: 152.50893010096866
  y: 73.0
  z: 196.395678850981
  yaw: 63.600586
  pitch: 38.099934
afk: false
nickname: Kaja
