lastAccountName: KajaF
timestamps:
  login: 1606083494761
  logout: 1606085912154
  lastteleport: 1606085781247
ipAddress: 89.177.142.185
homes:
  home:
    world: world
    x: 150.15244394662403
    y: 73.0
    z: 195.2515342292073
    yaw: 83.09999
    pitch: 29.849981
  village:
    world: world
    x: 292.32083451116443
    y: 70.0
    z: 58.80969552629469
    yaw: 104.68231
    pitch: 33.900032
  mine:
    world: world
    x: -52.20422234526456
    y: 71.0
    z: 96.39704623188773
    yaw: 133.76123
    pitch: 24.300364
logoutlocation:
  world: world
  x: 165.9624774708542
  y: 73.8500000178814
  z: 194.99617749178338
  yaw: 65.92517
  pitch: 25.649889
lastlocation:
  world: world
  x: -54.786812829913494
  y: 71.0
  z: 96.04654000421941
  yaw: 251.6613
  pitch: 22.200377
afk: false
nickname: Kaja
