lastAccountName: KajaF
timestamps:
  login: 1605641735413
  logout: 1605620410261
  lastteleport: 1605647336318
ipAddress: 89.177.142.185
homes:
  home:
    world: world
    x: 150.15244394662403
    y: 73.0
    z: 195.2515342292073
    yaw: 83.09999
    pitch: 29.849981
  village:
    world: world
    x: -30.859398140932363
    y: 68.9375
    z: 84.77375651255315
    yaw: -48.301216
    pitch: 25.500137
  mine:
    world: world
    x: -812.7103843072207
    y: 74.0
    z: 664.8620901788761
    yaw: 126.664734
    pitch: 24.300072
logoutlocation:
  world: world
  x: 156.69999998807907
  y: 73.0
  z: 196.07708941883493
  yaw: 269.7002
  pitch: 22.799921
lastlocation:
  world: world
  x: -238.26000611920554
  y: 7.5
  z: 98.58451546547558
  yaw: -87.77942
  pitch: 30.900509
afk: false
