lastAccountName: KajaF
timestamps:
  login: 1606758391564
  logout: 1606691791689
  lastteleport: 1606772353805
ipAddress: 89.177.142.185
homes:
  home:
    world: world
    x: 150.15244394662403
    y: 73.0
    z: 195.2515342292073
    yaw: 83.09999
    pitch: 29.849981
  village:
    world: world
    x: 270.1498380539681
    y: 75.5
    z: 30.671287847118446
    yaw: 158.91278
    pitch: 27.30015
  mine:
    world: world
    x: 171.60552485843738
    y: 12.0
    z: -309.83052137831146
    yaw: 175.95776
    pitch: 23.700253
logoutlocation:
  world: world
  x: 311.63742068161156
  y: 63.0
  z: 277.72282286916715
  yaw: 254.86118
  pitch: 27.150377
lastlocation:
  world: world
  x: -78.5
  y: 69.0
  z: 30.5
  yaw: -225.03357
  pitch: 34.949966
afk: false
nickname: Kaja
