lastAccountName: KajaF
timestamps:
  login: 1606493065690
  logout: 1606427924068
  lastteleport: 1606504711220
ipAddress: 89.177.142.185
homes:
  home:
    world: world
    x: 150.15244394662403
    y: 73.0
    z: 195.2515342292073
    yaw: 83.09999
    pitch: 29.849981
  village:
    world: world
    x: 270.1498380539681
    y: 75.5
    z: 30.671287847118446
    yaw: 158.91278
    pitch: 27.30015
  mine:
    world: world
    x: 2373.499134807216
    y: 63.9375
    z: 1844.6782356193542
    yaw: -60.15155
    pitch: 25.349936
logoutlocation:
  world: world
  x: 150.88890862424253
  y: 73.0
  z: 195.54102429017772
  yaw: 287.70117
  pitch: 30.150043
lastlocation:
  world: world
  x: 154.14039733453293
  y: 73.0
  z: 195.54373677119804
  yaw: -91.5
  pitch: 26.099964
afk: false
nickname: Kaja
