lastAccountName: KajaF
timestamps:
  login: 1616011974916
  logout: 1615842804510
  lastteleport: 1616013280513
ipAddress: 31.133.12.115
homes:
  home:
    world: world
    x: 150.15244394662403
    y: 73.0
    z: 195.2515342292073
    yaw: 83.09999
    pitch: 29.849981
  mine:
    world: world
    x: -531.8597772710757
    y: 73.0
    z: 144.20076572887302
    yaw: 288.4414
    pitch: 36.749958
  jungle:
    world: world
    x: 2416.239109735711
    y: 65.0
    z: -4757.303402813637
    yaw: -187.49763
    pitch: 25.800291
logoutlocation:
  world: world
  x: -527.8515429347781
  y: 143.0
  z: 121.8315567020016
  yaw: 248.24792
  pitch: 35.699894
lastlocation:
  world: world_the_end
  x: 45.711276038958935
  y: 1.0
  z: -296.9344044660638
  yaw: 327.6034
  pitch: 21.599993
afk: false
nickname: Kaja
