lastAccountName: KajaF
timestamps:
  login: 1606245047348
  logout: 1606252903236
  lastteleport: 1606252898655
ipAddress: 89.177.142.185
homes:
  home:
    world: world
    x: 150.15244394662403
    y: 73.0
    z: 195.2515342292073
    yaw: 83.09999
    pitch: 29.849981
  village:
    world: world
    x: 289.23916908307507
    y: 70.0
    z: 14.296246371867623
    yaw: 153.4274
    pitch: 15.750216
  mine:
    world: world
    x: 150.1381896890528
    y: 5.0
    z: 82.36834342430116
    yaw: 272.66425
    pitch: 7.6501026
logoutlocation:
  world: world
  x: 150.5
  y: 73.0
  z: 195.5
  yaw: 107.09998
  pitch: 11.549976
lastlocation:
  world: world
  x: 153.72510115540015
  y: 6.0
  z: 84.69999998807909
  yaw: 112.01135
  pitch: 40.35012
afk: false
nickname: Kaja
