lastAccountName: KajaF
timestamps:
  login: 1615836902168
  logout: 1615842804510
  lastteleport: 1615839721169
ipAddress: 31.133.12.115
homes:
  home:
    world: world
    x: 150.15244394662403
    y: 73.0
    z: 195.2515342292073
    yaw: 83.09999
    pitch: 29.849981
  mine:
    world: world
    x: -531.8597772710757
    y: 73.0
    z: 144.20076572887302
    yaw: 288.4414
    pitch: 36.749958
  jungle:
    world: world
    x: 2416.239109735711
    y: 65.0
    z: -4757.303402813637
    yaw: -187.49763
    pitch: 25.800291
logoutlocation:
  world: world
  x: -527.8515429347781
  y: 143.0
  z: 121.8315567020016
  yaw: 248.24792
  pitch: 35.699894
lastlocation:
  world: world
  x: 157.5034495502791
  y: 73.0
  z: 190.80668076564461
  yaw: 94.0509
  pitch: 38.39998
afk: false
nickname: Kaja
