lastAccountName: KajaF
timestamps:
  login: 1606555429091
  logout: 1606555364389
  lastteleport: 1606557117076
ipAddress: 89.177.142.185
homes:
  home:
    world: world
    x: 150.15244394662403
    y: 73.0
    z: 195.2515342292073
    yaw: 83.09999
    pitch: 29.849981
  village:
    world: world
    x: 270.1498380539681
    y: 75.5
    z: 30.671287847118446
    yaw: 158.91278
    pitch: 27.30015
  mine:
    world: world
    x: 2358.407335228313
    y: 21.0
    z: 1834.7422951306564
    yaw: 353.70532
    pitch: 22.650017
logoutlocation:
  world: world
  x: 2366.4493374383155
  y: 29.0
  z: 1836.9216837483384
  yaw: 0.15698242
  pitch: 17.100018
lastlocation:
  world: world
  x: 148.7918169608253
  y: 73.0
  z: 195.43495744681113
  yaw: 94.049774
  pitch: 16.950132
afk: false
nickname: Kaja
