lastAccountName: KajaF
timestamps:
  login: 1605564078278
  logout: 1605564206816
  lastteleport: 1605563673194
ipAddress: 89.177.142.185
homes:
  home:
    world: world
    x: 150.8572357675488
    y: 73.0
    z: 190.38667742732252
    yaw: -192.3012
    pitch: 35.400005
  village:
    world: world
    x: -30.859398140932363
    y: 68.9375
    z: 84.77375651255315
    yaw: -48.301216
    pitch: 25.500137
  mine:
    world: world
    x: 217.87045541661627
    y: 13.0
    z: 213.45265026810125
    yaw: 87.00342
    pitch: 23.101025
logoutlocation:
  world: world
  x: 159.6982421875
  y: 73.8500000178814
  z: 191.17542938873873
  yaw: 61.465546
  pitch: 19.050358
lastlocation:
  world: world
  x: 319.33262045155624
  y: 63.0
  z: 273.0039910887582
  yaw: 109.806885
  pitch: 22.35041
afk: false
