lastAccountName: KajaF
timestamps:
  login: 1626800917273
  logout: 1626808124377
  lastteleport: 1626808032978
ipAddress: 89.177.142.185
homes:
  home:
    world: world_1.17
    x: 3272.5388665540063
    y: 63.0
    z: -2082.376766123202
    yaw: 34.655487
    pitch: 19.04963
  mine:
    world: world_1.17
    x: 495.29320018317276
    y: 70.0
    z: 454.7171184497498
    yaw: 29.069153
    pitch: 19.349962
  village:
    world: world_1.17
    x: 151.6389604177642
    y: 83.5
    z: 11.534097818023232
    yaw: -7.197876
    pitch: 21.000036
logoutlocation:
  world: world_1.17
  x: 3269.790655010759
  y: 63.0
  z: -2077.1305388008414
  yaw: 145.05548
  pitch: 27.299612
lastlocation:
  world: world_1.17
  x: 3119.1549315575403
  y: 61.0
  z: -1819.67649826642
  yaw: -116.27661
  pitch: 10.950398
afk: false
nickname: Kaja
