lastAccountName: KajaF
timestamps:
  login: 1607106070942
  logout: 1607120637188
  lastteleport: 1607120405652
ipAddress: 89.177.142.185
homes:
  home:
    world: world
    x: 150.15244394662403
    y: 73.0
    z: 195.2515342292073
    yaw: 83.09999
    pitch: 29.849981
  village:
    world: world
    x: 270.1498380539681
    y: 75.5
    z: 30.671287847118446
    yaw: 158.91278
    pitch: 27.30015
  mine:
    world: world
    x: -511.6588088369801
    y: 77.0
    z: 122.05192693321845
    yaw: 247.15363
    pitch: 39.450027
logoutlocation:
  world: world
  x: 147.83404751418306
  y: 73.0
  z: 195.73323039156966
  yaw: 251.9997
  pitch: 15.449958
lastlocation:
  world: world
  x: -508.70275481120234
  y: 77.0
  z: 120.31611464054177
  yaw: -256.32544
  pitch: 27.299997
afk: false
nickname: Kaja
