lastAccountName: KajaF
timestamps:
  login: 1617628015016
  logout: 1617630768914
  lastteleport: 1617630680560
ipAddress: 89.177.142.185
homes:
  home:
    world: world
    x: 150.15244394662403
    y: 73.0
    z: 195.2515342292073
    yaw: 83.09999
    pitch: 29.849981
  mine:
    world: world
    x: 547.9480771595565
    y: 8.0
    z: 811.3000000119209
    yaw: 106.95398
    pitch: 22.050144
  jungle:
    world: world
    x: 2416.239109735711
    y: 65.0
    z: -4757.303402813637
    yaw: -187.49763
    pitch: 25.800291
logoutlocation:
  world: world
  x: 148.3416160619439
  y: 73.0
  z: 195.77756935866415
  yaw: 164.55151
  pitch: 16.95004
lastlocation:
  world: world
  x: 504.49978067348934
  y: 12.0
  z: 821.6999999880791
  yaw: 199.65247
  pitch: 35.55029
afk: false
nickname: Kaja
