lastAccountName: KajaF
timestamps:
  login: 1607250622242
  logout: 1607120637188
  lastteleport: 1607253453249
ipAddress: 89.177.142.185
homes:
  home:
    world: world
    x: 150.15244394662403
    y: 73.0
    z: 195.2515342292073
    yaw: 83.09999
    pitch: 29.849981
  village:
    world: world
    x: 270.1498380539681
    y: 75.5
    z: 30.671287847118446
    yaw: 158.91278
    pitch: 27.30015
  mine:
    world: world
    x: 2683.5
    y: 64.0
    z: -3063.5
    yaw: -184.94998
    pitch: 54.600002
logoutlocation:
  world: world
  x: 147.83404751418306
  y: 73.0
  z: 195.73323039156966
  yaw: 251.9997
  pitch: 15.449958
lastlocation:
  world: world
  x: 2683.5
  y: 64.0
  z: -3063.5
  yaw: -184.94998
  pitch: 54.600002
afk: false
nickname: Kaja
