lastAccountName: KajaF
timestamps:
  login: 1607805140473
  logout: 1607804448024
  lastteleport: 1607802295093
ipAddress: 89.177.142.185
homes:
  home:
    world: world
    x: 150.15244394662403
    y: 73.0
    z: 195.2515342292073
    yaw: 83.09999
    pitch: 29.849981
  mine:
    world: world
    x: -521.7389118003878
    y: 78.0
    z: 120.24965174805921
    yaw: 166.20068
    pitch: 18.15011
  jungle:
    world: world
    x: 2416.239109735711
    y: 65.0
    z: -4757.303402813637
    yaw: -187.49763
    pitch: 25.800291
logoutlocation:
  world: world
  x: -533.7284236707748
  y: 75.0
  z: 119.60427898704336
  yaw: 296.0968
  pitch: 8.100152
lastlocation:
  world: world
  x: 151.4523314605762
  y: 73.0
  z: 194.91054887146325
  yaw: 45.90039
  pitch: 21.749979
afk: false
nickname: Kaja
