lastAccountName: KajaF
timestamps:
  login: 1607707503140
  logout: 1607261841126
  lastteleport: 1607711234216
ipAddress: 89.177.142.185
homes:
  home:
    world: world
    x: 150.15244394662403
    y: 73.0
    z: 195.2515342292073
    yaw: 83.09999
    pitch: 29.849981
  mine:
    world: world
    x: -509.26304257835704
    y: 77.0
    z: 120.87723175973913
    yaw: -285.6081
    pitch: 16.649817
  jungle:
    world: world
    x: 2416.239109735711
    y: 65.0
    z: -4757.303402813637
    yaw: -187.49763
    pitch: 25.800291
logoutlocation:
  world: world
  x: 2650.2683954430604
  y: 82.0
  z: -3727.91348754051
  yaw: 240.03613
  pitch: 56.10008
lastlocation:
  world: world
  x: -519.5545724599153
  y: 78.0
  z: 120.70548796693774
  yaw: -78.4588
  pitch: 21.749914
afk: false
nickname: Kaja
