lastAccountName: KajaF
timestamps:
  login: 1605641735413
  logout: 1605620410261
  lastteleport: 1605642838415
ipAddress: 89.177.142.185
homes:
  home:
    world: world
    x: 150.15244394662403
    y: 73.0
    z: 195.2515342292073
    yaw: 83.09999
    pitch: 29.849981
  village:
    world: world
    x: -30.859398140932363
    y: 68.9375
    z: 84.77375651255315
    yaw: -48.301216
    pitch: 25.500137
  mine:
    world: world
    x: -1079.1898088219982
    y: 73.0
    z: -1594.3643348967464
    yaw: 184.18292
    pitch: 26.85
logoutlocation:
  world: world
  x: 156.69999998807907
  y: 73.0
  z: 196.07708941883493
  yaw: 269.7002
  pitch: 22.799921
lastlocation:
  world: world
  x: -51.24966829267665
  y: 71.0
  z: 90.10698529867805
  yaw: 83.21362
  pitch: 25.050226
afk: false
