lastAccountName: KajaF
timestamps:
  login: 1606758391564
  logout: 1606691791689
  lastteleport: 1606768203480
ipAddress: 89.177.142.185
homes:
  home:
    world: world
    x: 150.15244394662403
    y: 73.0
    z: 195.2515342292073
    yaw: 83.09999
    pitch: 29.849981
  village:
    world: world
    x: 270.1498380539681
    y: 75.5
    z: 30.671287847118446
    yaw: 158.91278
    pitch: 27.30015
  mine:
    world: world
    x: 172.06087277965472
    y: 10.0
    z: 11.69999998807906
    yaw: 175.35046
    pitch: 47.399975
logoutlocation:
  world: world
  x: 311.63742068161156
  y: 63.0
  z: 277.72282286916715
  yaw: 254.86118
  pitch: 27.150377
lastlocation:
  world: world
  x: 153.83967163738447
  y: 70.0
  z: 195.96167628654587
  yaw: -112.2001
  pitch: 23.10004
afk: false
nickname: Kaja
