lastAccountName: KajaF
timestamps:
  login: 1606677726417
  logout: 1606595038194
  lastteleport: 1606684098171
ipAddress: 89.177.142.185
homes:
  home:
    world: world
    x: 150.15244394662403
    y: 73.0
    z: 195.2515342292073
    yaw: 83.09999
    pitch: 29.849981
  village:
    world: world
    x: 270.1498380539681
    y: 75.5
    z: 30.671287847118446
    yaw: 158.91278
    pitch: 27.30015
  mine:
    world: world
    x: 314.2591499340198
    y: 63.0
    z: 278.59903832014726
    yaw: -15.139234
    pitch: 38.550423
logoutlocation:
  world: world
  x: 156.526714713642
  y: 78.0
  z: 194.09356699164633
  yaw: 67.64993
  pitch: 17.100058
lastlocation:
  world: world
  x: 150.53226202225554
  y: 73.0
  z: 195.46582004439455
  yaw: 123.59978
  pitch: 28.049961
afk: false
nickname: Kaja
