lastAccountName: KajaF
timestamps:
  login: 1605554495211
  logout: 1605478824972
  lastteleport: 1605559614940
ipAddress: 89.177.142.185
homes:
  home:
    world: world
    x: 150.8572357675488
    y: 73.0
    z: 190.38667742732252
    yaw: -192.3012
    pitch: 35.400005
  village:
    world: world
    x: -30.859398140932363
    y: 68.9375
    z: 84.77375651255315
    yaw: -48.301216
    pitch: 25.500137
  mine:
    world: world
    x: 181.89108786464243
    y: 29.0
    z: 148.45614822513946
    yaw: 156.60284
    pitch: 11.100226
logoutlocation:
  world: world
  x: 147.4676872507621
  y: 73.0
  z: 195.63396964800663
  yaw: -33.601234
  pitch: 32.850075
lastlocation:
  world: world
  x: 204.28810709898676
  y: 40.0
  z: 166.69999998807907
  yaw: 130.05054
  pitch: 24.750061
afk: false
