lastAccountName: KajaF
timestamps:
  login: 1605606708555
  logout: 1605564206816
  lastteleport: 1605611033367
ipAddress: 89.177.142.185
homes:
  home:
    world: world
    x: 150.15244394662403
    y: 73.0
    z: 195.2515342292073
    yaw: 83.09999
    pitch: 29.849981
  village:
    world: world
    x: -30.859398140932363
    y: 68.9375
    z: 84.77375651255315
    yaw: -48.301216
    pitch: 25.500137
  mine:
    world: world
    x: -611.8622229676184
    y: 71.0
    z: -179.60766932414512
    yaw: 113.55423
    pitch: 22.05008
logoutlocation:
  world: world
  x: 159.6982421875
  y: 73.8500000178814
  z: 191.17542938873873
  yaw: 61.465546
  pitch: 19.050358
lastlocation:
  world: world
  x: 291.6672110819289
  y: 70.0
  z: 4.805707613007472
  yaw: 260.3932
  pitch: 28.101387
afk: false
