lastAccountName: KajaF
timestamps:
  login: 1605905064521
  logout: 1605898388994
  lastteleport: 1605905183129
ipAddress: 31.133.12.115
homes:
  home:
    world: world
    x: 150.15244394662403
    y: 73.0
    z: 195.2515342292073
    yaw: 83.09999
    pitch: 29.849981
  village:
    world: world
    x: 296.80325191884276
    y: 71.0
    z: 13.757893888668963
    yaw: 39.160366
    pitch: 20.700212
  mine:
    world: world
    x: -390.56817173995194
    y: 73.0
    z: 2.943061964189925
    yaw: 253.01257
    pitch: 33.599976
logoutlocation:
  world: world
  x: 156.5
  y: 78.0
  z: 195.5
  yaw: 95.850006
  pitch: 35.100002
lastlocation:
  world: world
  x: 148.3536549489942
  y: 73.0
  z: 196.13300055143029
  yaw: -96.89999
  pitch: 19.199976
afk: false
nickname: Kaja
