lastAccountName: KajaF
timestamps:
  login: 1605905064521
  logout: 1605898388994
  lastteleport: 1605909672291
ipAddress: 31.133.12.115
homes:
  home:
    world: world
    x: 150.15244394662403
    y: 73.0
    z: 195.2515342292073
    yaw: 83.09999
    pitch: 29.849981
  village:
    world: world
    x: 296.80325191884276
    y: 71.0
    z: 13.757893888668963
    yaw: 39.160366
    pitch: 20.700212
  mine:
    world: world
    x: -590.9878218267448
    y: 68.0
    z: -241.35144119677713
    yaw: 126.56311
    pitch: 33.14994
logoutlocation:
  world: world
  x: 156.5
  y: 78.0
  z: 195.5
  yaw: 95.850006
  pitch: 35.100002
lastlocation:
  world: world
  x: -109.30096815144533
  y: 72.0
  z: 18.512062981506404
  yaw: 10.770142
  pitch: 32.099957
afk: false
nickname: Kaja
