lastAccountName: KajaF
timestamps:
  login: 1606493065690
  logout: 1606505908603
  lastteleport: 1606505725241
ipAddress: 89.177.142.185
homes:
  home:
    world: world
    x: 150.15244394662403
    y: 73.0
    z: 195.2515342292073
    yaw: 83.09999
    pitch: 29.849981
  village:
    world: world
    x: 270.1498380539681
    y: 75.5
    z: 30.671287847118446
    yaw: 158.91278
    pitch: 27.30015
  mine:
    world: world
    x: 2366.4992509316467
    y: 29.0
    z: 1847.6477346812758
    yaw: 176.25732
    pitch: 22.200535
logoutlocation:
  world: world
  x: 148.15580019421282
  y: 73.0
  z: 195.36182845326576
  yaw: 269.99973
  pitch: 9.600207
lastlocation:
  world: world
  x: 2366.4992509316467
  y: 29.0
  z: 1847.6477346812758
  yaw: 176.25732
  pitch: 22.200535
afk: false
nickname: Kaja
