lastAccountName: KajaF
timestamps:
  login: 1606677726417
  logout: 1606595038194
  lastteleport: 1606682690261
ipAddress: 89.177.142.185
homes:
  home:
    world: world
    x: 150.15244394662403
    y: 73.0
    z: 195.2515342292073
    yaw: 83.09999
    pitch: 29.849981
  village:
    world: world
    x: 270.1498380539681
    y: 75.5
    z: 30.671287847118446
    yaw: 158.91278
    pitch: 27.30015
  mine:
    world: world
    x: 237.69999998807907
    y: 5.0
    z: 60.6944955756579
    yaw: 180.6394
    pitch: 7.1995497
logoutlocation:
  world: world
  x: 156.526714713642
  y: 78.0
  z: 194.09356699164633
  yaw: 67.64993
  pitch: 17.100058
lastlocation:
  world: world
  x: 100.71777348793731
  y: 68.9375
  z: 0.03127633990534501
  yaw: 15.715149
  pitch: 37.64997
afk: false
nickname: Kaja
