lastAccountName: KajaF
timestamps:
  login: 1606845737344
  logout: 1606853179797
  lastteleport: 1606853123751
ipAddress: 89.177.142.185
homes:
  home:
    world: world
    x: 150.15244394662403
    y: 73.0
    z: 195.2515342292073
    yaw: 83.09999
    pitch: 29.849981
  village:
    world: world
    x: 270.1498380539681
    y: 75.5
    z: 30.671287847118446
    yaw: 158.91278
    pitch: 27.30015
  mine:
    world: world
    x: 1686.654725949873
    y: 59.0
    z: -4091.594993444146
    yaw: 188.55402
    pitch: 35.700348
logoutlocation:
  world: world
  x: 147.65123510847857
  y: 73.0
  z: 195.80817583460205
  yaw: 69.15015
  pitch: 23.85004
lastlocation:
  world: world
  x: 1717.6338806739157
  y: 38.275125
  z: -4093.7687938224526
  yaw: 12.765991
  pitch: 20.550152
afk: false
nickname: Kaja
