lastAccountName: KajaF
timestamps:
  login: 1606758391564
  logout: 1606691791689
  lastteleport: 1606764508327
ipAddress: 89.177.142.185
homes:
  home:
    world: world
    x: 150.15244394662403
    y: 73.0
    z: 195.2515342292073
    yaw: 83.09999
    pitch: 29.849981
  village:
    world: world
    x: 270.1498380539681
    y: 75.5
    z: 30.671287847118446
    yaw: 158.91278
    pitch: 27.30015
  mine:
    world: world
    x: 314.2591499340198
    y: 63.0
    z: 278.59903832014726
    yaw: -15.139234
    pitch: 38.550423
logoutlocation:
  world: world
  x: 311.63742068161156
  y: 63.0
  z: 277.72282286916715
  yaw: 254.86118
  pitch: 27.150377
lastlocation:
  world: world
  x: 148.43394212737763
  y: 73.0
  z: 196.10298026930488
  yaw: 157.50006
  pitch: 20.700014
afk: false
nickname: Kaja
