lastAccountName: KajaF
timestamps:
  login: 1605554495211
  logout: 1605478824972
  lastteleport: 1605563673194
ipAddress: 89.177.142.185
homes:
  home:
    world: world
    x: 150.8572357675488
    y: 73.0
    z: 190.38667742732252
    yaw: -192.3012
    pitch: 35.400005
  village:
    world: world
    x: -30.859398140932363
    y: 68.9375
    z: 84.77375651255315
    yaw: -48.301216
    pitch: 25.500137
  mine:
    world: world
    x: 217.87045541661627
    y: 13.0
    z: 213.45265026810125
    yaw: 87.00342
    pitch: 23.101025
logoutlocation:
  world: world
  x: 147.4676872507621
  y: 73.0
  z: 195.63396964800663
  yaw: -33.601234
  pitch: 32.850075
lastlocation:
  world: world
  x: 319.33262045155624
  y: 63.0
  z: 273.0039910887582
  yaw: 109.806885
  pitch: 22.35041
afk: false
