lastAccountName: KajaF
timestamps:
  login: 1616527221728
  logout: 1616018152687
  lastteleport: 1616530474376
ipAddress: 31.133.12.115
homes:
  home:
    world: world
    x: 150.15244394662403
    y: 73.0
    z: 195.2515342292073
    yaw: 83.09999
    pitch: 29.849981
  mine:
    world: world
    x: 697.6261081411358
    y: 8.0
    z: -1389.4650788500858
    yaw: 16.852783
    pitch: 29.54992
  jungle:
    world: world
    x: 2416.239109735711
    y: 65.0
    z: -4757.303402813637
    yaw: -187.49763
    pitch: 25.800291
logoutlocation:
  world: world
  x: -519.6914865716161
  y: 78.0
  z: 138.3000000119209
  yaw: -5.9976044
  pitch: -22.34974
lastlocation:
  world: world
  x: 148.18073916931618
  y: 73.0
  z: 195.59496230856405
  yaw: 260.7006
  pitch: 28.949959
afk: false
nickname: Kaja
