lastAccountName: KajaF
timestamps:
  login: 1607259962051
  logout: 1607255513124
  lastteleport: 1607261430888
ipAddress: 89.177.142.185
homes:
  home:
    world: world
    x: 150.15244394662403
    y: 73.0
    z: 195.2515342292073
    yaw: 83.09999
    pitch: 29.849981
  village:
    world: world
    x: 270.1498380539681
    y: 75.5
    z: 30.671287847118446
    yaw: 158.91278
    pitch: 27.30015
  mine:
    world: world
    x: 2696.341345247683
    y: 80.0
    z: -3727.373460335002
    yaw: -264.41034
    pitch: 30.60005
logoutlocation:
  world: world
  x: 2641.2628985517586
  y: 63.0
  z: -3422.1682583332795
  yaw: 278.56573
  pitch: 48.30002
lastlocation:
  world: world
  x: 149.33076225650552
  y: 70.0
  z: 195.1790508119138
  yaw: 280.79974
  pitch: 30.299936
afk: false
nickname: Kaja
