lastAccountName: KajaF
timestamps:
  login: 1627155109256
  logout: 1626985019274
  lastteleport: 1627156670179
ipAddress: 89.177.225.70
homes:
  home:
    world: world_1.17
    x: 3272.5388665540063
    y: 63.0
    z: -2082.376766123202
    yaw: 34.655487
    pitch: 19.04963
  mine:
    world: world_1.17
    x: 3008.558194652638
    y: 29.0
    z: -1322.0087385462357
    yaw: -169.62598
    pitch: 13.199939
  village:
    world: world_1.17
    x: 151.6389604177642
    y: 83.5
    z: 11.534097818023232
    yaw: -7.197876
    pitch: 21.000036
logoutlocation:
  world: world_1.17
  x: 3256.421539445692
  y: 63.0
  z: -2074.0854160298586
  yaw: -103.203125
  pitch: 22.64999
lastlocation:
  world: world_1.17
  x: 3293.97282468864
  y: 72.9375
  z: -1932.2669138883905
  yaw: 144.30548
  pitch: 26.849642
afk: false
nickname: Kaja
