lastAccountName: KajaF
timestamps:
  login: 1605726737882
  logout: 1605650475363
  lastteleport: 1605731999499
ipAddress: 89.177.142.185
homes:
  home:
    world: world
    x: 150.15244394662403
    y: 73.0
    z: 195.2515342292073
    yaw: 83.09999
    pitch: 29.849981
  village:
    world: world
    x: 296.80325191884276
    y: 71.0
    z: 13.757893888668963
    yaw: 39.160366
    pitch: 20.700212
  mine:
    world: world
    x: 316.95372130011896
    y: 63.0
    z: 278.82386325778253
    yaw: 116.18317
    pitch: 27.300219
logoutlocation:
  world: world
  x: 157.13749998807907
  y: 78.0
  z: 195.69999998807907
  yaw: 147.60036
  pitch: 17.550014
lastlocation:
  world: world
  x: 150.5
  y: 73.0
  z: 195.5
  yaw: 83.09999
  pitch: 29.849981
afk: false
nickname: Kaja
