lastAccountName: KajaF
timestamps:
  login: 1616527221728
  logout: 1616532216313
  lastteleport: 1616532119783
ipAddress: 31.133.12.115
homes:
  home:
    world: world
    x: 150.15244394662403
    y: 73.0
    z: 195.2515342292073
    yaw: 83.09999
    pitch: 29.849981
  mine:
    world: world
    x: 705.6999999880791
    y: 8.0
    z: -1115.9302231205688
    yaw: 341.13757
    pitch: 23.849873
  jungle:
    world: world
    x: 2416.239109735711
    y: 65.0
    z: -4757.303402813637
    yaw: -187.49763
    pitch: 25.800291
logoutlocation:
  world: world
  x: 152.7503293904343
  y: 70.0
  z: 195.30000001192093
  yaw: 290.4005
  pitch: 14.850049
lastlocation:
  world: world
  x: 705.6791649759164
  y: 8.0
  z: -1049.7481773633679
  yaw: 23.30957
  pitch: 4.8002114
afk: false
nickname: Kaja
