lastAccountName: KajaF
timestamps:
  login: 1627155109256
  logout: 1627161446657
  lastteleport: 1627160880126
ipAddress: 89.177.225.70
homes:
  home:
    world: world_1.17
    x: 3272.5388665540063
    y: 63.0
    z: -2082.376766123202
    yaw: 34.655487
    pitch: 19.04963
  mine:
    world: world_1.17
    x: 2487.923855933753
    y: 64.0
    z: -1480.8505673871161
    yaw: 6.9663696
    pitch: 83.99998
  village:
    world: world_1.17
    x: 151.6389604177642
    y: 83.5
    z: 11.534097818023232
    yaw: -7.197876
    pitch: 21.000036
logoutlocation:
  world: world_1.17
  x: 3234.53284374064
  y: 74.0
  z: -2099.754836003621
  yaw: -37.799316
  pitch: 45.00015
lastlocation:
  world: world_1.17
  x: 2482.300000011921
  y: 65.0
  z: -1479.9064045088803
  yaw: -140.18622
  pitch: 90.0
afk: false
nickname: Kaja
