lastAccountName: KajaF
timestamps:
  login: 1606245047348
  logout: 1606085912154
  lastteleport: 1606251059970
ipAddress: 89.177.142.185
homes:
  home:
    world: world
    x: 150.15244394662403
    y: 73.0
    z: 195.2515342292073
    yaw: 83.09999
    pitch: 29.849981
  village:
    world: world
    x: 289.23916908307507
    y: 70.0
    z: 14.296246371867623
    yaw: 153.4274
    pitch: 15.750216
  mine:
    world: world
    x: -147.86208619175258
    y: 68.0
    z: 2.5620885717433604
    yaw: -167.88176
    pitch: 61.20009
logoutlocation:
  world: world
  x: 165.9624774708542
  y: 73.8500000178814
  z: 194.99617749178338
  yaw: 65.92517
  pitch: 25.649889
lastlocation:
  world: world
  x: 288.74321568163225
  y: 74.0
  z: 39.84564795314154
  yaw: 174.12787
  pitch: 25.65017
afk: false
nickname: Kaja
