lastAccountName: KajaF
timestamps:
  login: 1606422206180
  logout: 1606252903236
  lastteleport: 1606423271790
ipAddress: 89.177.142.185
homes:
  home:
    world: world
    x: 150.15244394662403
    y: 73.0
    z: 195.2515342292073
    yaw: 83.09999
    pitch: 29.849981
  village:
    world: world
    x: 289.23916908307507
    y: 70.0
    z: 14.296246371867623
    yaw: 153.4274
    pitch: 15.750216
  mine:
    world: world
    x: 321.3083771951089
    y: 22.0
    z: 104.49528099771193
    yaw: 196.50879
    pitch: 18.749973
logoutlocation:
  world: world
  x: 150.5
  y: 73.0
  z: 195.5
  yaw: 107.09998
  pitch: 11.549976
lastlocation:
  world: world
  x: 152.35844696120915
  y: 70.0
  z: 196.2502808126872
  yaw: 355.94995
  pitch: 51.299934
afk: false
nickname: Kaja
