lastAccountName: KajaF
timestamps:
  login: 1607707503140
  logout: 1607714719214
  lastteleport: 1607711305592
ipAddress: 89.177.142.185
homes:
  home:
    world: world
    x: 150.15244394662403
    y: 73.0
    z: 195.2515342292073
    yaw: 83.09999
    pitch: 29.849981
  mine:
    world: world
    x: -509.26304257835704
    y: 77.0
    z: 120.87723175973913
    yaw: -285.6081
    pitch: 16.649817
  jungle:
    world: world
    x: 2416.239109735711
    y: 65.0
    z: -4757.303402813637
    yaw: -187.49763
    pitch: 25.800291
logoutlocation:
  world: world
  x: -509.6445421312527
  y: 78.0
  z: 120.23155895917988
  yaw: 356.55084
  pitch: 23.25007
lastlocation:
  world: world
  x: 148.06013599899376
  y: 73.0
  z: 196.14443448892487
  yaw: -276.44974
  pitch: 44.25011
afk: false
nickname: Kaja
