lastAccountName: KajaF
timestamps:
  login: 1606069207608
  logout: 1605912450666
  lastteleport: 1605912395463
ipAddress: 89.177.142.185
homes:
  home:
    world: world
    x: 150.15244394662403
    y: 73.0
    z: 195.2515342292073
    yaw: 83.09999
    pitch: 29.849981
  village:
    world: world
    x: 296.80325191884276
    y: 71.0
    z: 13.757893888668963
    yaw: 39.160366
    pitch: 20.700212
  mine:
    world: world
    x: 50.78623088215573
    y: 4.0
    z: 146.5862694429338
    yaw: 90.99341
    pitch: -12.14931
logoutlocation:
  world: world
  x: 148.1411177587272
  y: 73.0
  z: 195.36077977562599
  yaw: 276.60065
  pitch: 15.750074
lastlocation:
  world: world
  x: 48.66225761164275
  y: 6.0
  z: 156.14934556901076
  yaw: 197.05347
  pitch: 20.250692
afk: false
nickname: Kaja
