lastAccountName: KajaF
timestamps:
  login: 1615664777194
  logout: 1615670453015
  lastteleport: 1615669635972
ipAddress: 31.133.12.115
homes:
  home:
    world: world
    x: 150.15244394662403
    y: 73.0
    z: 195.2515342292073
    yaw: 83.09999
    pitch: 29.849981
  mine:
    world: world
    x: -518.1228329795529
    y: 110.0
    z: 123.0156727529285
    yaw: 109.8916
    pitch: 30.299898
  jungle:
    world: world
    x: 2416.239109735711
    y: 65.0
    z: -4757.303402813637
    yaw: -187.49763
    pitch: 25.800291
logoutlocation:
  world: world
  x: -526.1014295541065
  y: 125.0
  z: 128.48708750066925
  yaw: 275.6328
  pitch: 8.54999
lastlocation:
  world: world
  x: 150.1688471100587
  y: 73.0
  z: 196.05059995223118
  yaw: 63.149902
  pitch: 25.950018
afk: false
nickname: Kaja
