lastAccountName: KajaF
timestamps:
  login: 1607250622242
  logout: 1607255513124
  lastteleport: 1607255509158
ipAddress: 89.177.142.185
homes:
  home:
    world: world
    x: 150.15244394662403
    y: 73.0
    z: 195.2515342292073
    yaw: 83.09999
    pitch: 29.849981
  village:
    world: world
    x: 270.1498380539681
    y: 75.5
    z: 30.671287847118446
    yaw: 158.91278
    pitch: 27.30015
  mine:
    world: world
    x: 2639.222676212621
    y: 64.0
    z: -3422.6496160920487
    yaw: 104.86563
    pitch: 28.949995
logoutlocation:
  world: world
  x: 2641.2628985517586
  y: 63.0
  z: -3422.1682583332795
  yaw: 278.56573
  pitch: 48.30002
lastlocation:
  world: world
  x: 150.14137156789465
  y: 70.0
  z: 195.83866517673246
  yaw: 15.600086
  pitch: 40.200123
afk: false
nickname: Kaja
