lastAccountName: KajaF
timestamps:
  login: 1643310298054
  logout: 1643295815694
  lastteleport: 1643314828074
ipAddress: 89.177.225.70
homes:
  home:
    world: world_1.17
    x: 3242.5895621064506
    y: 67.0
    z: -2071.6125602070438
    yaw: 84.90006
    pitch: 15.749998
  mine:
    world: world_1.17
    x: 2166.2895923584233
    y: 72.0
    z: -901.93415201933
    yaw: 179.20935
    pitch: 27.300007
  village:
    world: world_1.17
    x: 151.6389604177642
    y: 83.5
    z: 11.534097818023232
    yaw: -7.197876
    pitch: 21.000036
logoutlocation:
  world: world_1.17
  x: 3238.922659311094
  y: 67.0
  z: -2071.8446759506555
  yaw: 94.34656
  pitch: 8.399994
lastlocation:
  world: world_1.17
  x: 2173.801247245505
  y: 67.0
  z: -874.335129690251
  yaw: -93.79907
  pitch: 21.299917
afk: false
nickname: Kaja
