lastAccountName: KajaF
timestamps:
  login: 1627327152332
  logout: 1627333724685
  lastteleport: 1627333456793
ipAddress: 89.177.142.185
homes:
  home:
    world: world_1.17
    x: 3272.5388665540063
    y: 63.0
    z: -2082.376766123202
    yaw: 34.655487
    pitch: 19.04963
  mine:
    world: world_1.17
    x: 3797.273094653533
    y: 63.0
    z: -3928.7936997840143
    yaw: 30.768616
    pitch: 55.349945
  village:
    world: world_1.17
    x: 151.6389604177642
    y: 83.5
    z: 11.534097818023232
    yaw: -7.197876
    pitch: 21.000036
logoutlocation:
  world: world_1.17
  x: 3261.2402733548342
  y: 63.0
  z: -2073.1340620778324
  yaw: 127.5031
  pitch: 9.599953
lastlocation:
  world: world_1.17
  x: 3115.387181488614
  y: 61.745601944530975
  z: -2033.3112890085276
  yaw: -77.01361
  pitch: 52.650486
afk: false
nickname: Kaja
