lastAccountName: KajaF
timestamps:
  login: 1606586196399
  logout: 1606559751392
  lastteleport: 1606588124296
ipAddress: 89.177.142.185
homes:
  home:
    world: world
    x: 150.15244394662403
    y: 73.0
    z: 195.2515342292073
    yaw: 83.09999
    pitch: 29.849981
  village:
    world: world
    x: 270.1498380539681
    y: 75.5
    z: 30.671287847118446
    yaw: 158.91278
    pitch: 27.30015
  mine:
    world: world
    x: 2374.8775811629494
    y: 23.0
    z: 1774.483390805086
    yaw: 196.80658
    pitch: 35.850082
logoutlocation:
  world: world
  x: 148.2487495454182
  y: 73.0
  z: 196.37546005767632
  yaw: 249.45026
  pitch: 23.250105
lastlocation:
  world: world
  x: -2053.785006784051
  y: 70.0
  z: 776.7131431518569
  yaw: 168.51399
  pitch: 12.880901
afk: false
nickname: Kaja
