lastAccountName: KajaF
timestamps:
  login: 1627327152332
  logout: 1627327148387
  lastteleport: 1627330271302
ipAddress: 89.177.142.185
homes:
  home:
    world: world_1.17
    x: 3272.5388665540063
    y: 63.0
    z: -2082.376766123202
    yaw: 34.655487
    pitch: 19.04963
  mine:
    world: world_1.17
    x: 3957.3731074535362
    y: 62.52326486188708
    z: -3589.719436161352
    yaw: -23.999054
    pitch: 34.50002
  village:
    world: world_1.17
    x: 151.6389604177642
    y: 83.5
    z: 11.534097818023232
    yaw: -7.197876
    pitch: 21.000036
logoutlocation:
  world: world_1.17
  x: 3244.8764498712294
  y: 67.0
  z: -2080.738674175965
  yaw: 79.05591
  pitch: 44.999603
lastlocation:
  world: world_1.17
  x: 4000.448010823787
  y: 33.00007191724039
  z: -3659.5604448120407
  yaw: -178.65744
  pitch: 32.24995
afk: false
nickname: Kaja
