lastAccountName: KajaF
timestamps:
  login: 1605606708555
  logout: 1605564206816
  lastteleport: 1605607367646
ipAddress: 89.177.142.185
homes:
  home:
    world: world
    x: 150.8572357675488
    y: 73.0
    z: 190.38667742732252
    yaw: -192.3012
    pitch: 35.400005
  village:
    world: world
    x: -30.859398140932363
    y: 68.9375
    z: 84.77375651255315
    yaw: -48.301216
    pitch: 25.500137
  mine:
    world: world
    x: -404.05448933560376
    y: 71.0
    z: 2.5345977321486615
    yaw: 64.645874
    pitch: 31.499992
logoutlocation:
  world: world
  x: 159.6982421875
  y: 73.8500000178814
  z: 191.17542938873873
  yaw: 61.465546
  pitch: 19.050358
lastlocation:
  world: world
  x: 149.9008465778494
  y: 73.0
  z: 189.50031120870253
  yaw: 101.39996
  pitch: 18.450048
afk: false
