lastAccountName: KajaF
timestamps:
  login: 1607106070942
  logout: 1606853179797
  lastteleport: 1607118935983
ipAddress: 89.177.142.185
homes:
  home:
    world: world
    x: 150.15244394662403
    y: 73.0
    z: 195.2515342292073
    yaw: 83.09999
    pitch: 29.849981
  village:
    world: world
    x: 270.1498380539681
    y: 75.5
    z: 30.671287847118446
    yaw: 158.91278
    pitch: 27.30015
  mine:
    world: world
    x: -511.6588088369801
    y: 77.0
    z: 122.05192693321845
    yaw: 247.15363
    pitch: 39.450027
logoutlocation:
  world: world
  x: 147.65123510847857
  y: 73.0
  z: 195.80817583460205
  yaw: 69.15015
  pitch: 23.85004
lastlocation:
  world: world
  x: 156.5
  y: 78.0
  z: 195.5
  yaw: 129.75008
  pitch: 40.649982
afk: false
nickname: Kaja
