lastAccountName: KajaF
timestamps:
  login: 1606493065690
  logout: 1606427924068
  lastteleport: 1606498909029
ipAddress: 89.177.142.185
homes:
  home:
    world: world
    x: 150.15244394662403
    y: 73.0
    z: 195.2515342292073
    yaw: 83.09999
    pitch: 29.849981
  village:
    world: world
    x: 270.1498380539681
    y: 75.5
    z: 30.671287847118446
    yaw: 158.91278
    pitch: 27.30015
  mine:
    world: world
    x: 1617.7329803361158
    y: 71.0
    z: 539.1316024558134
    yaw: 234.85133
    pitch: 14.399937
logoutlocation:
  world: world
  x: 150.88890862424253
  y: 73.0
  z: 195.54102429017772
  yaw: 287.70117
  pitch: 30.150043
lastlocation:
  world: world
  x: -86.38268151194549
  y: 70.0
  z: 78.5872598015728
  yaw: 245.96863
  pitch: 16.800043
afk: false
nickname: Kaja
