lastAccountName: KajaF
timestamps:
  login: 1610916951339
  logout: 1610920663603
  lastteleport: 1610920619122
ipAddress: 89.177.142.185
homes:
  home:
    world: world
    x: 150.15244394662403
    y: 73.0
    z: 195.2515342292073
    yaw: 83.09999
    pitch: 29.849981
  mine:
    world: world
    x: -522.249832044449
    y: 110.0
    z: 129.01860259479133
    yaw: 229.6422
    pitch: 40.349842
  jungle:
    world: world
    x: 2416.239109735711
    y: 65.0
    z: -4757.303402813637
    yaw: -187.49763
    pitch: 25.800291
logoutlocation:
  world: world
  x: 149.683516121714
  y: 73.0
  z: 196.65833777725325
  yaw: 186.60004
  pitch: 11.100009
lastlocation:
  world: world
  x: -524.7555387366871
  y: 110.0
  z: 131.98675805876556
  yaw: 245.09235
  pitch: 13.649821
afk: false
nickname: Kaja
