lastAccountName: KajaF
timestamps:
  login: 1605726737882
  logout: 1605650475363
  lastteleport: 1605650409841
ipAddress: 89.177.142.185
homes:
  home:
    world: world
    x: 150.15244394662403
    y: 73.0
    z: 195.2515342292073
    yaw: 83.09999
    pitch: 29.849981
  village:
    world: world
    x: -30.859398140932363
    y: 68.9375
    z: 84.77375651255315
    yaw: -48.301216
    pitch: 25.500137
  mine:
    world: world
    x: -931.9227436469082
    y: 47.0
    z: 381.0691115469118
    yaw: 0.30009672
    pitch: 27.450518
logoutlocation:
  world: world
  x: 157.13749998807907
  y: 78.0
  z: 195.69999998807907
  yaw: 147.60036
  pitch: 17.550014
lastlocation:
  world: world
  x: -910.7523978420206
  y: 44.0
  z: 416.0299726458831
  yaw: 270.15054
  pitch: 18.750574
afk: false
nickname: Kaja
