lastAccountName: KajaF
timestamps:
  login: 1627324974259
  logout: 1627324882925
  lastteleport: 1627326903761
ipAddress: 89.177.142.185
homes:
  home:
    world: world_1.17
    x: 3272.5388665540063
    y: 63.0
    z: -2082.376766123202
    yaw: 34.655487
    pitch: 19.04963
  mine:
    world: world_1.17
    x: 3156.6696625959607
    y: 13.0
    z: -1812.3373555635594
    yaw: 58.047363
    pitch: 23.100388
  village:
    world: world_1.17
    x: 151.6389604177642
    y: 83.5
    z: 11.534097818023232
    yaw: -7.197876
    pitch: 21.000036
logoutlocation:
  world: world_1.17
  x: 2514.786340389584
  y: 63.0
  z: -1982.8100351058843
  yaw: -49.53656
  pitch: 30.150036
lastlocation:
  world: world_1.17
  x: 3159.342165955282
  y: 12.0
  z: -1793.7404456288048
  yaw: 81.45703
  pitch: 12.00028
afk: false
nickname: Kaja
