lastAccountName: KajaF
timestamps:
  login: 1606845737344
  logout: 1606773941595
  lastteleport: 1606849342027
ipAddress: 89.177.142.185
homes:
  home:
    world: world
    x: 150.15244394662403
    y: 73.0
    z: 195.2515342292073
    yaw: 83.09999
    pitch: 29.849981
  village:
    world: world
    x: 270.1498380539681
    y: 75.5
    z: 30.671287847118446
    yaw: 158.91278
    pitch: 27.30015
  mine:
    world: world
    x: 1547.346902938533
    y: 76.0
    z: -4075.3046931622516
    yaw: -85.5
    pitch: 34.34995
logoutlocation:
  world: world
  x: 154.76743739732208
  y: 73.0
  z: 196.09390087040373
  yaw: 95.54986
  pitch: 25.349997
lastlocation:
  world: world
  x: 148.1431997599003
  y: 73.0
  z: 196.03204754401904
  yaw: -134.99974
  pitch: 1.3501439
afk: false
nickname: Kaja
