lastAccountName: KajaF
timestamps:
  login: 1643136099092
  logout: 1643136095252
  lastteleport: 1643137709566
ipAddress: 89.177.225.70
homes:
  home:
    world: world_1.17
    x: 3272.5388665540063
    y: 63.0
    z: -2082.376766123202
    yaw: 34.655487
    pitch: 19.04963
  mine:
    world: world_1.17
    x: 3390.600796431429
    y: 68.9375
    z: -1338.8754506899754
    yaw: 91.32947
    pitch: 34.64982
  village:
    world: world_1.17
    x: 151.6389604177642
    y: 83.5
    z: 11.534097818023232
    yaw: -7.197876
    pitch: 21.000036
logoutlocation:
  world: world_1.17
  x: 3253.43379369595
  y: 63.0
  z: -2072.483439678295
  yaw: -129.7501
  pitch: 28.649975
lastlocation:
  world: world_1.17
  x: 3269.300000011921
  y: 63.0
  z: -2070.8612257236855
  yaw: 105.15557
  pitch: 5.549598
afk: false
nickname: Kaja
