lastAccountName: KajaF
timestamps:
  login: 1606493065690
  logout: 1606427924068
  lastteleport: 1606496415267
ipAddress: 89.177.142.185
homes:
  home:
    world: world
    x: 150.15244394662403
    y: 73.0
    z: 195.2515342292073
    yaw: 83.09999
    pitch: 29.849981
  village:
    world: world
    x: 278.78843437677057
    y: 71.0
    z: 12.799370082573915
    yaw: 274.49753
    pitch: 24.2999
  mine:
    world: world
    x: 160.29382315771431
    y: 62.0
    z: 88.38223064294272
    yaw: 175.07422
    pitch: 3.4500415
logoutlocation:
  world: world
  x: 150.88890862424253
  y: 73.0
  z: 195.54102429017772
  yaw: 287.70117
  pitch: 30.150043
lastlocation:
  world: world
  x: 156.10278485181433
  y: 77.5
  z: 193.397221385789
  yaw: 86.850044
  pitch: 25.50002
afk: false
nickname: Kaja
