lastAccountName: KajaF
timestamps:
  login: 1607106070942
  logout: 1606853179797
  lastteleport: 1607113917841
ipAddress: 89.177.142.185
homes:
  home:
    world: world
    x: 150.15244394662403
    y: 73.0
    z: 195.2515342292073
    yaw: 83.09999
    pitch: 29.849981
  village:
    world: world
    x: 270.1498380539681
    y: 75.5
    z: 30.671287847118446
    yaw: 158.91278
    pitch: 27.30015
  mine:
    world: world
    x: -394.2557644507648
    y: 72.0
    z: 9.824799816912986
    yaw: -263.4324
    pitch: 21.450056
logoutlocation:
  world: world
  x: 147.65123510847857
  y: 73.0
  z: 195.80817583460205
  yaw: 69.15015
  pitch: 23.85004
lastlocation:
  world: world
  x: 138.59543300909223
  y: 73.0
  z: 189.37481882692532
  yaw: -80.7006
  pitch: 19.350023
afk: false
nickname: Kaja
