lastAccountName: KajaF
timestamps:
  login: 1610657694523
  logout: 1610658076273
  lastteleport: 1610657736525
ipAddress: 89.177.142.185
homes:
  home:
    world: world
    x: 150.15244394662403
    y: 73.0
    z: 195.2515342292073
    yaw: 83.09999
    pitch: 29.849981
  mine:
    world: world
    x: -522.249832044449
    y: 110.0
    z: 129.01860259479133
    yaw: 229.6422
    pitch: 40.349842
  jungle:
    world: world
    x: 2416.239109735711
    y: 65.0
    z: -4757.303402813637
    yaw: -187.49763
    pitch: 25.800291
logoutlocation:
  world: world
  x: -117.42477617928303
  y: 70.5
  z: 31.201813202734236
  yaw: 287.51593
  pitch: 3.1498852
lastlocation:
  world: world
  x: -522.3824434235889
  y: 78.0
  z: 115.9823342758833
  yaw: 333.77747
  pitch: 19.800352
afk: false
nickname: Kaja
