lastAccountName: KajaF
timestamps:
  login: 1643047492585
  logout: 1627333724685
  lastteleport: 1643054063258
ipAddress: 89.177.225.70
homes:
  home:
    world: world_1.17
    x: 3272.5388665540063
    y: 63.0
    z: -2082.376766123202
    yaw: 34.655487
    pitch: 19.04963
  mine:
    world: world_1.17_nether
    x: 229.30000001192093
    y: 98.0
    z: -203.51181047071918
    yaw: -60.60028
    pitch: 57.6
  village:
    world: world_1.17
    x: 151.6389604177642
    y: 83.5
    z: 11.534097818023232
    yaw: -7.197876
    pitch: 21.000036
logoutlocation:
  world: world_1.17
  x: 3261.2402733548342
  y: 63.0
  z: -2073.1340620778324
  yaw: 127.5031
  pitch: 9.599953
lastlocation:
  world: world_1.17
  x: 3286.712058856289
  y: 74.0
  z: -1934.061144335505
  yaw: 51.005524
  pitch: 2.999428
afk: false
nickname: Kaja
