lastAccountName: KajaF
timestamps:
  login: 1643226916282
  logout: 1643225867000
  lastteleport: 1643231843403
ipAddress: 89.177.225.70
homes:
  home:
    world: world_1.17
    x: 3272.5388665540063
    y: 63.0
    z: -2082.376766123202
    yaw: 34.655487
    pitch: 19.04963
  mine:
    world: world_1.17
    x: 3390.600796431429
    y: 68.9375
    z: -1338.8754506899754
    yaw: 91.32947
    pitch: 34.64982
  village:
    world: world_1.17
    x: 151.6389604177642
    y: 83.5
    z: 11.534097818023232
    yaw: -7.197876
    pitch: 21.000036
logoutlocation:
  world: world_1.17
  x: 3245.074367615093
  y: 63.0
  z: -2092.7064000494915
  yaw: 110.704834
  pitch: 41.09961
lastlocation:
  world: world_1.17
  x: 2802.3194725801372
  y: 187.0
  z: -1773.3231998669728
  yaw: 106.25647
  pitch: 90.0
afk: false
nickname: Kaja
