lastAccountName: KajaF
timestamps:
  login: 1606586196399
  logout: 1606595038194
  lastteleport: 1606594946799
ipAddress: 89.177.142.185
homes:
  home:
    world: world
    x: 150.15244394662403
    y: 73.0
    z: 195.2515342292073
    yaw: 83.09999
    pitch: 29.849981
  village:
    world: world
    x: 270.1498380539681
    y: 75.5
    z: 30.671287847118446
    yaw: 158.91278
    pitch: 27.30015
  mine:
    world: world
    x: 237.69999998807907
    y: 5.0
    z: 60.6944955756579
    yaw: 180.6394
    pitch: 7.1995497
logoutlocation:
  world: world
  x: 156.526714713642
  y: 78.0
  z: 194.09356699164633
  yaw: 67.64993
  pitch: 17.100058
lastlocation:
  world: world
  x: -111.39147468530976
  y: 72.0
  z: -1.213325197739407
  yaw: -62.283833
  pitch: 17.249931
afk: false
nickname: Kaja
