lastAccountName: KajaF
timestamps:
  login: 1643140833737
  logout: 1643143530849
  lastteleport: 1643142984786
ipAddress: 89.177.225.70
homes:
  home:
    world: world_1.17
    x: 3272.5388665540063
    y: 63.0
    z: -2082.376766123202
    yaw: 34.655487
    pitch: 19.04963
  mine:
    world: world_1.17
    x: 3390.600796431429
    y: 68.9375
    z: -1338.8754506899754
    yaw: 91.32947
    pitch: 34.64982
  village:
    world: world_1.17
    x: 151.6389604177642
    y: 83.5
    z: 11.534097818023232
    yaw: -7.197876
    pitch: 21.000036
logoutlocation:
  world: world_1.17
  x: 3241.1427397787033
  y: 67.0
  z: -2082.4434788128
  yaw: -173.86633
  pitch: 16.349867
lastlocation:
  world: world_1.17
  x: 92.87825990141995
  y: 65.0
  z: 36.593986691694816
  yaw: -126.89809
  pitch: 10.200074
afk: false
nickname: Kaja
