lastAccountName: Sid0rr0
timestamps:
  login: 1610918553855
  logout: 1610918785160
  lastteleport: 1605126886523
ipAddress: 147.32.96.50
homes:
  spawn:
    world: world
    x: -10.619895614155189
    y: 64.0
    z: 4.557249065770225
    yaw: 106.656006
    pitch: 1.3501455
  city:
    world: world
    x: -31.304571987616296
    y: 70.0
    z: 93.79340453410288
    yaw: 91.192276
    pitch: 17.399817
  mine:
    world: world
    x: 64.96911250521109
    y: 10.0
    z: 102.94573426849111
    yaw: 269.8418
    pitch: 14.09988
  elytra:
    world: world
    x: 0.8306485912275459
    y: 95.0
    z: 78.9217570527563
    yaw: 64.36243
    pitch: 39.17744
logoutlocation:
  world: world
  x: 24.69070365361105
  y: 140.1967606326917
  z: -237.25603450982484
  yaw: -185.56995
  pitch: 52.05484
lastlocation:
  world: world
  x: -74.63876066484175
  y: 96.14509291182966
  z: 2.226271222870348
  yaw: -85.86163
  pitch: 30.194294
afk: false
