lastAccountName: Sid0rr0
timestamps:
  login: 1609540989121
  logout: 1609545243910
  lastteleport: 1605126886523
ipAddress: 147.32.96.50
homes:
  spawn:
    world: world
    x: -10.619895614155189
    y: 64.0
    z: 4.557249065770225
    yaw: 106.656006
    pitch: 1.3501455
  city:
    world: world
    x: -31.304571987616296
    y: 70.0
    z: 93.79340453410288
    yaw: 91.192276
    pitch: 17.399817
  mine:
    world: world
    x: 64.96911250521109
    y: 10.0
    z: 102.94573426849111
    yaw: 269.8418
    pitch: 14.09988
  elytra:
    world: world
    x: 0.8306485912275459
    y: 95.0
    z: 78.9217570527563
    yaw: 64.36243
    pitch: 39.17744
logoutlocation:
  world: world
  x: -73.44414781703263
  y: 83.5
  z: -14.78971380391508
  yaw: -64.04077
  pitch: 23.43716
lastlocation:
  world: world
  x: -241.5351430160124
  y: 137.34859481358578
  z: -30.789867013973684
  yaw: 300.40698
  pitch: 40.636074
afk: false
