lastAccountName: Jozycz
timestamps:
  login: 1605126683221
  logout: 1605134343022
ipAddress: 86.49.254.47
lastlocation:
  world: world
  x: 61.04715403768212
  y: 64.0
  z: 0.6145062182400649
  yaw: -263.46396
  pitch: 0.45173424
logoutlocation:
  world: world
  x: -27.49352047818008
  y: 66.5625
  z: 70.68593040916782
  yaw: 245.01294
  pitch: 64.49982
