lastAccountName: Jozycz
timestamps:
  login: 1606657822322
  logout: 1606657791142
ipAddress: 86.49.254.47
lastlocation:
  world: world
  x: 61.04715403768212
  y: 64.0
  z: 0.6145062182400649
  yaw: -263.46396
  pitch: 0.45173424
logoutlocation:
  world: world
  x: -26.300000011920933
  y: 66.5625
  z: 70.23241426477291
  yaw: -325.5812
  pitch: 10.649586
afk: false
