lastAccountName: Jozycz
timestamps:
  login: 1606657822322
  logout: 1606660085488
ipAddress: 86.49.254.47
lastlocation:
  world: world
  x: 61.04715403768212
  y: 64.0
  z: 0.6145062182400649
  yaw: -263.46396
  pitch: 0.45173424
logoutlocation:
  world: world
  x: -189.5
  y: 88.0
  z: 44.5
  yaw: -56.700027
  pitch: 15.749989
afk: false
