lastAccountName: EkhiSK
timestamps:
  login: 1642974415889
  logout: 1642977025076
  lastteleport: 1642976966814
ipAddress: 147.32.98.112
logoutlocation:
  world: world_1.17
  x: -346.5
  y: 86.0
  z: -735.5
  yaw: -32.449623
  pitch: 13.34984
lastlocation:
  world: world_1.17
  x: -346.5298232061811
  y: 86.0
  z: -735.3926019139338
  yaw: -32.749634
  pitch: 13.349841
homes:
  home:
    world: world_1.17
    x: -346.5298232061811
    y: 86.0
    z: -735.3926019139338
    yaw: -32.749634
    pitch: 13.349841
  v:
    world: world
    x: -33.89509667040173
    y: 66.0
    z: 40.928530784434344
    yaw: 0.58442396
    pitch: 9.299923
