lastAccountName: EkhiSK
timestamps:
  login: 1643893889890
  logout: 1643894959195
  lastteleport: 1643728935693
ipAddress: 147.32.96.50
logoutlocation:
  world: world_1.17
  x: -339.51914505517703
  y: 77.0
  z: -698.4661825328558
  yaw: -81.358215
  pitch: 51.2928
lastlocation:
  world: world_1.17
  x: 192.0
  y: 58.37054928581915
  z: 96.0
  yaw: 0.0
  pitch: 0.0
homes:
  home:
    world: world_1.17
    x: -346.5298232061811
    y: 86.0
    z: -735.3926019139338
    yaw: -32.749634
    pitch: 13.349841
  v:
    world: world
    x: -33.89509667040173
    y: 66.0
    z: 40.928530784434344
    yaw: 0.58442396
    pitch: 9.299923
