timestamps:
  login: 1643907513537
  logout: 1643909913698
  lastteleport: 1643909899625
logoutlocation:
  world: world_1.17
  x: -339.31537574357384
  y: 77.0
  z: -699.6011511537065
  yaw: -58.554497
  pitch: 49.59944
lastlocation:
  world: world_1.17
  x: -768.4725508202984
  y: 47.0
  z: -727.8314732537312
  yaw: 14.410645
  pitch: 8.899156
homes:
  home:
    world: world_1.17
    x: -346.5298232061811
    y: 86.0
    z: -735.3926019139338
    yaw: -32.749634
    pitch: 13.349841
  v:
    world: world
    x: -33.89509667040173
    y: 66.0
    z: 40.928530784434344
    yaw: 0.58442396
    pitch: 9.299923
ip-address: 147.32.96.50
last-account-name: EkhiSK
