lastAccountName: EkhiSK
timestamps:
  login: 1643205229718
  logout: 1643205522848
  lastteleport: 1642976966814
ipAddress: 147.32.96.50
logoutlocation:
  world: world_1.17
  x: -260.47476267865915
  y: 78.0
  z: -785.1280352125513
  yaw: 90.54938
  pitch: 10.349855
lastlocation:
  world: world_1.17
  x: -346.5298232061811
  y: 86.0
  z: -735.3926019139338
  yaw: -32.749634
  pitch: 13.349841
homes:
  home:
    world: world_1.17
    x: -346.5298232061811
    y: 86.0
    z: -735.3926019139338
    yaw: -32.749634
    pitch: 13.349841
  v:
    world: world
    x: -33.89509667040173
    y: 66.0
    z: 40.928530784434344
    yaw: 0.58442396
    pitch: 9.299923
