teleportenabled: true
teleportauto: false
godmode: false
muted: false
jailed: false
ip-address: 88.101.231.125
afk: false
socialspy: false
npc: false
powertoolsenabled: true
accepting-pay: true
baltop-exempt: false
timestamps:
  lastteleport: 1657289781761
  lastheal: 0
  mute: 0
  jail: 0
  onlinejail: 0
  logout: 1657292822892
  login: 1657287055682
money: '0'
last-account-name: 360yogi
logoutlocation:
  world: 5e52e54b-69fd-4280-ae27-5dabf3e709a5
  world-name: world_1.17
  x: -1860.5
  y: 64.0
  z: 862.5
  yaw: 45.000003814697266
  pitch: 0.15000002086162567
lastlocation:
  world: 5e52e54b-69fd-4280-ae27-5dabf3e709a5
  world-name: world_1.17
  x: -1831.4834017234984
  y: 31.0
  z: 821.1747236027887
  yaw: 104.4224853515625
  pitch: 26.249967575073242
homes:
  home:
    world: 5e52e54b-69fd-4280-ae27-5dabf3e709a5
    world-name: world_1.17
    x: -1853.357990892137
    y: 63.0
    z: 852.4430414411255
    yaw: 132.439453125
    pitch: 17.55031967163086
  doly:
    world: 5e52e54b-69fd-4280-ae27-5dabf3e709a5
    world-name: world_1.17
    x: -1694.8921210158744
    y: 27.0
    z: 1293.9942995467534
    yaw: -90.009033203125
    pitch: 10.800678253173828
  x:
    world: 5e52e54b-69fd-4280-ae27-5dabf3e709a5
    world-name: world_1.17
    x: -1831.4834017234984
    y: 31.0
    z: 821.1747236027887
    yaw: 104.4224853515625
    pitch: 26.249967575073242
