teleportenabled: true
teleportauto: false
godmode: false
muted: false
jailed: false
ip-address: 88.101.231.125
afk: false
socialspy: false
npc: false
powertoolsenabled: true
accepting-pay: true
baltop-exempt: false
timestamps:
  lastteleport: 1662581562743
  lastheal: 0
  mute: 0
  jail: 0
  onlinejail: 0
  logout: 1662582975849
  login: 1662576971882
money: '0'
last-account-name: 360yogi
logoutlocation:
  world: 5e52e54b-69fd-4280-ae27-5dabf3e709a5
  world-name: world_1.17
  x: -1844.1737919540742
  y: 65.0
  z: 823.8528715698769
  yaw: 176.8399658203125
  pitch: 7.350443363189697
lastlocation:
  world: 5e52e54b-69fd-4280-ae27-5dabf3e709a5
  world-name: world_1.17
  x: -1893.358513110985
  y: 93.0
  z: 669.2174678172067
  yaw: -173.55003356933594
  pitch: 53.10001754760742
homes:
  home:
    world: 5e52e54b-69fd-4280-ae27-5dabf3e709a5
    world-name: world_1.17
    x: -1853.357990892137
    y: 63.0
    z: 852.4430414411255
    yaw: 132.439453125
    pitch: 17.55031967163086
  spawner:
    world: 5e52e54b-69fd-4280-ae27-5dabf3e709a5
    world-name: world_1.17
    x: -1919.8234291537995
    y: -32.0
    z: 859.4133239273663
    yaw: -50.85970687866211
    pitch: 20.850126266479492
  zamecky_palac:
    world: 5e52e54b-69fd-4280-ae27-5dabf3e709a5
    world-name: world_1.17
    x: -1908.0760861695856
    y: 93.0
    z: 674.1464424183764
    yaw: -80.99942016601562
    pitch: 5.400020599365234
