teleportenabled: true
teleportauto: false
godmode: false
muted: false
jailed: false
ip-address: 88.101.231.125
afk: true
socialspy: false
npc: false
powertoolsenabled: true
accepting-pay: true
baltop-exempt: false
timestamps:
  lastteleport: 1658161009289
  lastheal: 0
  mute: 0
  jail: 0
  onlinejail: 0
  logout: 1658087641255
  login: 1658155964113
money: '0'
last-account-name: 360yogi
logoutlocation:
  world: 5e52e54b-69fd-4280-ae27-5dabf3e709a5
  world-name: world_1.17
  x: 161.679237873984
  y: 66.0
  z: 939.3910841955803
  yaw: -88.63409423828125
  pitch: 11.250097274780273
lastlocation:
  world: 5e52e54b-69fd-4280-ae27-5dabf3e709a5
  world-name: world_1.17
  x: 122.75751620273158
  y: 26.0
  z: 907.9726852484529
  yaw: 32.056640625
  pitch: 20.55015754699707
homes:
  home:
    world: 5e52e54b-69fd-4280-ae27-5dabf3e709a5
    world-name: world_1.17
    x: -1853.357990892137
    y: 63.0
    z: 852.4430414411255
    yaw: 132.439453125
    pitch: 17.55031967163086
  x:
    world: 5e52e54b-69fd-4280-ae27-5dabf3e709a5
    world-name: world_1.17
    x: -1734.9976295685208
    y: 13.0
    z: 1283.7928323296821
    yaw: -163.0286865234375
    pitch: 22.350013732910156
  mesa:
    world: 5e52e54b-69fd-4280-ae27-5dabf3e709a5
    world-name: world_1.17
    x: 148.4889842690797
    y: 61.0
    z: 877.3544528644921
    yaw: -176.51953125
    pitch: 19.05010986328125
