teleportenabled: true
teleportauto: false
godmode: false
muted: false
jailed: false
ip-address: 88.101.231.125
afk: false
socialspy: false
npc: false
powertoolsenabled: true
accepting-pay: true
baltop-exempt: false
timestamps:
  lastteleport: 1658594858209
  lastheal: 0
  mute: 0
  jail: 0
  onlinejail: 0
  logout: 1658607155591
  login: 1658599918352
money: '0'
last-account-name: 360yogi
logoutlocation:
  world: 5e52e54b-69fd-4280-ae27-5dabf3e709a5
  world-name: world_1.17
  x: -1857.0873372302983
  y: 63.9375
  z: 834.053546607577
  yaw: 177.3955078125
  pitch: 19.65062713623047
lastlocation:
  world: 5e52e54b-69fd-4280-ae27-5dabf3e709a5
  world-name: world_1.17
  x: -1861.114064907361
  y: 61.0
  z: 789.1987855126292
  yaw: 35.64453125
  pitch: 28.20001220703125
homes:
  home:
    world: 5e52e54b-69fd-4280-ae27-5dabf3e709a5
    world-name: world_1.17
    x: -1853.357990892137
    y: 63.0
    z: 852.4430414411255
    yaw: 132.439453125
    pitch: 17.55031967163086
  x:
    world: 5e52e54b-69fd-4280-ae27-5dabf3e709a5
    world-name: world_1.17
    x: -1734.9976295685208
    y: 13.0
    z: 1283.7928323296821
    yaw: -163.0286865234375
    pitch: 22.350013732910156
  mesa:
    world: 5e52e54b-69fd-4280-ae27-5dabf3e709a5
    world-name: world_1.17
    x: 148.4889842690797
    y: 61.0
    z: 877.3544528644921
    yaw: -176.51953125
    pitch: 19.05010986328125
