teleportenabled: true
teleportauto: false
godmode: false
muted: false
jailed: false
ip-address: 88.101.231.125
afk: false
socialspy: false
npc: false
powertoolsenabled: true
accepting-pay: true
baltop-exempt: false
timestamps:
  lastteleport: 1657376593705
  lastheal: 0
  mute: 0
  jail: 0
  onlinejail: 0
  logout: 1657660987394
  login: 1657658634754
money: '0'
last-account-name: 360yogi
logoutlocation:
  world: 5e52e54b-69fd-4280-ae27-5dabf3e709a5
  world-name: world_1.17
  x: -1861.699999988079
  y: 64.5625
  z: 863.6999999880791
  yaw: -112.49995422363281
  pitch: 31.199979782104492
lastlocation:
  world: 5e52e54b-69fd-4280-ae27-5dabf3e709a5
  world-name: world_1.17
  x: -1719.300000011921
  y: 11.0
  z: 1283.821834267376
  yaw: 99.34326171875
  pitch: 18.750566482543945
homes:
  home:
    world: 5e52e54b-69fd-4280-ae27-5dabf3e709a5
    world-name: world_1.17
    x: -1853.357990892137
    y: 63.0
    z: 852.4430414411255
    yaw: 132.439453125
    pitch: 17.55031967163086
  doly:
    world: 5e52e54b-69fd-4280-ae27-5dabf3e709a5
    world-name: world_1.17
    x: -1694.8921210158744
    y: 27.0
    z: 1293.9942995467534
    yaw: -90.009033203125
    pitch: 10.800678253173828
  x:
    world: 5e52e54b-69fd-4280-ae27-5dabf3e709a5
    world-name: world_1.17
    x: -1719.300000011921
    y: 11.0
    z: 1283.821834267376
    yaw: 99.34326171875
    pitch: 18.750566482543945
