teleportenabled: true
teleportauto: false
godmode: false
muted: false
jailed: false
ip-address: 88.101.231.125
afk: false
socialspy: false
npc: false
powertoolsenabled: true
accepting-pay: true
baltop-exempt: false
timestamps:
  lastteleport: 1658304504499
  lastheal: 0
  mute: 0
  jail: 0
  onlinejail: 0
  logout: 1658519887500
  login: 1658508108935
money: '0'
last-account-name: 360yogi
logoutlocation:
  world: 5e52e54b-69fd-4280-ae27-5dabf3e709a5
  world-name: world_1.17
  x: -1860.699999988079
  y: 64.0
  z: 862.2375000119209
  yaw: -30.900005340576172
  pitch: 29.55000114440918
lastlocation:
  world: 5e52e54b-69fd-4280-ae27-5dabf3e709a5
  world-name: world_1.17
  x: -1898.4314798406547
  y: 27.0
  z: 834.0399770932421
  yaw: 0.75054931640625
  pitch: 36.750614166259766
homes:
  home:
    world: 5e52e54b-69fd-4280-ae27-5dabf3e709a5
    world-name: world_1.17
    x: -1853.357990892137
    y: 63.0
    z: 852.4430414411255
    yaw: 132.439453125
    pitch: 17.55031967163086
  x:
    world: 5e52e54b-69fd-4280-ae27-5dabf3e709a5
    world-name: world_1.17
    x: -1734.9976295685208
    y: 13.0
    z: 1283.7928323296821
    yaw: -163.0286865234375
    pitch: 22.350013732910156
  mesa:
    world: 5e52e54b-69fd-4280-ae27-5dabf3e709a5
    world-name: world_1.17
    x: 148.4889842690797
    y: 61.0
    z: 877.3544528644921
    yaw: -176.51953125
    pitch: 19.05010986328125
