teleportenabled: true
teleportauto: false
godmode: false
muted: false
jailed: false
ip-address: 88.101.231.125
afk: true
socialspy: false
npc: false
powertoolsenabled: true
accepting-pay: true
baltop-exempt: false
timestamps:
  lastteleport: 1668335367314
  lastheal: 0
  mute: 0
  jail: 0
  onlinejail: 0
  logout: 1671740890871
  login: 1671875712022
money: '0'
last-account-name: 360yogi
logoutlocation:
  world: 5e52e54b-69fd-4280-ae27-5dabf3e709a5
  world-name: world_1.17
  x: -1895.8306729090705
  y: 67.5
  z: 864.177436628629
  yaw: 144.4462890625
  pitch: -0.9001471400260925
lastlocation:
  world: 5e52e54b-69fd-4280-ae27-5dabf3e709a5
  world-name: world_1.17
  x: -1900.1798527020185
  y: 94.0
  z: 743.078913551726
  yaw: -60.29997253417969
  pitch: 29.55002212524414
homes:
  home:
    world: 5e52e54b-69fd-4280-ae27-5dabf3e709a5
    world-name: world_1.17
    x: -1853.357990892137
    y: 63.0
    z: 852.4430414411255
    yaw: 132.439453125
    pitch: 17.55031967163086
  spawner:
    world: 5e52e54b-69fd-4280-ae27-5dabf3e709a5
    world-name: world_1.17
    x: -1919.8234291537995
    y: -32.0
    z: 859.4133239273663
    yaw: -50.85970687866211
    pitch: 20.850126266479492
  zamecky_palac:
    world: 5e52e54b-69fd-4280-ae27-5dabf3e709a5
    world-name: world_1.17
    x: -1908.0760861695856
    y: 93.0
    z: 674.1464424183764
    yaw: -80.99942016601562
    pitch: 5.400020599365234
