teleportenabled: true
teleportauto: false
godmode: false
muted: false
jailed: false
ip-address: 88.101.231.125
afk: false
socialspy: false
npc: false
powertoolsenabled: true
accepting-pay: true
baltop-exempt: false
timestamps:
  lastteleport: 1659880925788
  lastheal: 0
  mute: 0
  jail: 0
  onlinejail: 0
  logout: 1659907267747
  login: 1659893383932
money: '0'
last-account-name: 360yogi
logoutlocation:
  world: 5e52e54b-69fd-4280-ae27-5dabf3e709a5
  world-name: world_1.17
  x: -1862.699999988079
  y: 64.0
  z: 862.2375000119209
  yaw: -36.45001220703125
  pitch: 16.5
lastlocation:
  world: 5e52e54b-69fd-4280-ae27-5dabf3e709a5
  world-name: world_1.17
  x: -1717.8070548949672
  y: 68.9375
  z: 1115.5122420694825
  yaw: 159.00103759765625
  pitch: 15.30002212524414
homes:
  home:
    world: 5e52e54b-69fd-4280-ae27-5dabf3e709a5
    world-name: world_1.17
    x: -1853.357990892137
    y: 63.0
    z: 852.4430414411255
    yaw: 132.439453125
    pitch: 17.55031967163086
  x:
    world: 5e52e54b-69fd-4280-ae27-5dabf3e709a5
    world-name: world_1.17
    x: -1734.9976295685208
    y: 13.0
    z: 1283.7928323296821
    yaw: -163.0286865234375
    pitch: 22.350013732910156
  spawner:
    world: 5e52e54b-69fd-4280-ae27-5dabf3e709a5
    world-name: world_1.17
    x: -1919.8234291537995
    y: -32.0
    z: 859.4133239273663
    yaw: -50.85970687866211
    pitch: 20.850126266479492
