teleportenabled: true
teleportauto: false
godmode: false
muted: false
jailed: false
ip-address: 88.101.231.125
afk: false
socialspy: false
npc: false
powertoolsenabled: true
accepting-pay: true
baltop-exempt: false
timestamps:
  lastteleport: 1660729653541
  lastheal: 0
  mute: 0
  jail: 0
  onlinejail: 0
  logout: 1661544242842
  login: 1661543639732
money: '0'
last-account-name: 360yogi
logoutlocation:
  world: 5e52e54b-69fd-4280-ae27-5dabf3e709a5
  world-name: world_1.17
  x: -1856.7716539698015
  y: 63.9375
  z: 836.5131035039764
  yaw: 0.5999755859375
  pitch: 5.0999531745910645
lastlocation:
  world: 5e52e54b-69fd-4280-ae27-5dabf3e709a5
  world-name: world_1.17
  x: -1887.7677480985076
  y: 33.0
  z: 883.5837854649716
  yaw: -94.211669921875
  pitch: -10.499940872192383
homes:
  home:
    world: 5e52e54b-69fd-4280-ae27-5dabf3e709a5
    world-name: world_1.17
    x: -1853.357990892137
    y: 63.0
    z: 852.4430414411255
    yaw: 132.439453125
    pitch: 17.55031967163086
  spawner:
    world: 5e52e54b-69fd-4280-ae27-5dabf3e709a5
    world-name: world_1.17
    x: -1919.8234291537995
    y: -32.0
    z: 859.4133239273663
    yaw: -50.85970687866211
    pitch: 20.850126266479492
  x:
    world: 5e52e54b-69fd-4280-ae27-5dabf3e709a5
    world-name: world_1.17
    x: -1692.549265999896
    y: 71.0
    z: 1279.7479070681195
    yaw: -98.97947692871094
    pitch: 15.600017547607422
