teleportenabled: true
teleportauto: false
godmode: false
muted: false
jailed: false
ip-address: 88.101.231.125
afk: false
socialspy: false
npc: false
powertoolsenabled: true
accepting-pay: true
baltop-exempt: false
timestamps:
  lastteleport: 1695499901206
  lastheal: 0
  mute: 0
  jail: 0
  onlinejail: 0
  logout: 1695500393773
  login: 1695499749378
money: '0'
last-account-name: 360yogi
logoutlocation:
  world: 5e52e54b-69fd-4280-ae27-5dabf3e709a5
  world-name: world_1.17
  x: -1997.4737294551228
  y: 11.0
  z: 897.3597845873794
  yaw: 85.8369140625
  pitch: 14.552440643310547
lastlocation:
  world: 5e52e54b-69fd-4280-ae27-5dabf3e709a5
  world-name: world_1.17
  x: -1918.2666076209796
  y: 66.9375
  z: 847.7776036663062
  yaw: -90.81201171875
  pitch: 10.200098037719727
homes:
  home:
    world: 5e52e54b-69fd-4280-ae27-5dabf3e709a5
    world-name: world_1.17
    x: -1853.357990892137
    y: 63.0
    z: 852.4430414411255
    yaw: 132.439453125
    pitch: 17.55031967163086
  spawner:
    world: 5e52e54b-69fd-4280-ae27-5dabf3e709a5
    world-name: world_1.17
    x: -1919.8234291537995
    y: -32.0
    z: 859.4133239273663
    yaw: -50.85970687866211
    pitch: 20.850126266479492
  zamecky_palac:
    world: 5e52e54b-69fd-4280-ae27-5dabf3e709a5
    world-name: world_1.17
    x: -1908.0760861695856
    y: 93.0
    z: 674.1464424183764
    yaw: -80.99942016601562
    pitch: 5.400020599365234
