teleportenabled: true
teleportauto: false
godmode: false
muted: false
jailed: false
ip-address: 88.101.231.125
afk: false
socialspy: false
npc: false
powertoolsenabled: true
accepting-pay: true
baltop-exempt: false
timestamps:
  lastteleport: 1658085776355
  lastheal: 0
  mute: 0
  jail: 0
  onlinejail: 0
  logout: 1658085347449
  login: 1658085423496
money: '0'
last-account-name: 360yogi
logoutlocation:
  world: 5e52e54b-69fd-4280-ae27-5dabf3e709a5
  world-name: world_1.17
  x: -1244.9188704536487
  y: 64.0
  z: 1347.137860856182
  yaw: -19.493499755859375
  pitch: 18.750030517578125
lastlocation:
  world: 5e52e54b-69fd-4280-ae27-5dabf3e709a5
  world-name: world_1.17
  x: -672.3173193810422
  y: 67.0
  z: 1295.4246565315118
  yaw: -89.99288177490234
  pitch: 10.35042953491211
homes:
  home:
    world: 5e52e54b-69fd-4280-ae27-5dabf3e709a5
    world-name: world_1.17
    x: -1853.357990892137
    y: 63.0
    z: 852.4430414411255
    yaw: 132.439453125
    pitch: 17.55031967163086
  x:
    world: 5e52e54b-69fd-4280-ae27-5dabf3e709a5
    world-name: world_1.17
    x: -1734.9976295685208
    y: 13.0
    z: 1283.7928323296821
    yaw: -163.0286865234375
    pitch: 22.350013732910156
  mesa:
    world: 5e52e54b-69fd-4280-ae27-5dabf3e709a5
    world-name: world_1.17
    x: -672.3173193810422
    y: 67.0
    z: 1295.4246565315118
    yaw: -89.99288177490234
    pitch: 10.35042953491211
