teleportenabled: true
teleportauto: false
godmode: false
muted: false
jailed: false
ip-address: 88.101.231.125
afk: false
socialspy: false
npc: false
powertoolsenabled: true
accepting-pay: true
baltop-exempt: false
timestamps:
  lastteleport: 1657737732922
  lastheal: 0
  mute: 0
  jail: 0
  onlinejail: 0
  logout: 1657720740542
  login: 1657735567308
money: '0'
last-account-name: 360yogi
logoutlocation:
  world: 5e52e54b-69fd-4280-ae27-5dabf3e709a5
  world-name: world_1.17
  x: -1853.699999988079
  y: 65.0
  z: 833.6999999880791
  yaw: 175.22483825683594
  pitch: 16.950044631958008
lastlocation:
  world: 3a2fbc93-1d4c-4ec0-98d1-6263e95420c4
  world-name: world_1.17_nether
  x: -404.5648111730022
  y: 33.0
  z: 26.28800783965692
  yaw: -3.6953125
  pitch: -16.949562072753906
homes:
  home:
    world: 5e52e54b-69fd-4280-ae27-5dabf3e709a5
    world-name: world_1.17
    x: -1853.357990892137
    y: 63.0
    z: 852.4430414411255
    yaw: 132.439453125
    pitch: 17.55031967163086
  doly:
    world: 5e52e54b-69fd-4280-ae27-5dabf3e709a5
    world-name: world_1.17
    x: -1694.8921210158744
    y: 27.0
    z: 1293.9942995467534
    yaw: -90.009033203125
    pitch: 10.800678253173828
  x:
    world: 5e52e54b-69fd-4280-ae27-5dabf3e709a5
    world-name: world_1.17
    x: -1734.9976295685208
    y: 13.0
    z: 1283.7928323296821
    yaw: -163.0286865234375
    pitch: 22.350013732910156
