teleportenabled: true
teleportauto: false
godmode: false
muted: false
jailed: false
ip-address: 88.101.231.125
afk: false
socialspy: false
npc: false
powertoolsenabled: true
accepting-pay: true
baltop-exempt: false
timestamps:
  lastteleport: 1662822233393
  lastheal: 0
  mute: 0
  jail: 0
  onlinejail: 0
  logout: 1662843536497
  login: 1662820305861
money: '0'
last-account-name: 360yogi
logoutlocation:
  world: 5e52e54b-69fd-4280-ae27-5dabf3e709a5
  world-name: world_1.17
  x: -1862.699999988079
  y: 64.0
  z: 862.2375000119209
  yaw: -82.79669189453125
  pitch: 7.500245094299316
lastlocation:
  world: 5e52e54b-69fd-4280-ae27-5dabf3e709a5
  world-name: world_1.17
  x: 190.6561655682002
  y: 61.46673879608824
  z: 92.14172026641472
  yaw: 155.7001953125
  pitch: -3.1500000953674316
homes:
  home:
    world: 5e52e54b-69fd-4280-ae27-5dabf3e709a5
    world-name: world_1.17
    x: -1853.357990892137
    y: 63.0
    z: 852.4430414411255
    yaw: 132.439453125
    pitch: 17.55031967163086
  spawner:
    world: 5e52e54b-69fd-4280-ae27-5dabf3e709a5
    world-name: world_1.17
    x: -1919.8234291537995
    y: -32.0
    z: 859.4133239273663
    yaw: -50.85970687866211
    pitch: 20.850126266479492
  zamecky_palac:
    world: 5e52e54b-69fd-4280-ae27-5dabf3e709a5
    world-name: world_1.17
    x: -1908.0760861695856
    y: 93.0
    z: 674.1464424183764
    yaw: -80.99942016601562
    pitch: 5.400020599365234
