teleportenabled: true
teleportauto: false
godmode: false
muted: false
jailed: false
ip-address: 88.101.231.125
afk: false
socialspy: false
npc: false
powertoolsenabled: true
accepting-pay: true
baltop-exempt: false
timestamps:
  lastteleport: 1660069119571
  lastheal: 0
  mute: 0
  jail: 0
  onlinejail: 0
  logout: 1660079023346
  login: 1660067211672
money: '0'
last-account-name: 360yogi
logoutlocation:
  world: 5e52e54b-69fd-4280-ae27-5dabf3e709a5
  world-name: world_1.17
  x: -1853.067924629616
  y: 65.0
  z: 832.338396424704
  yaw: 100.04998779296875
  pitch: 10.05001449584961
lastlocation:
  world: 5e52e54b-69fd-4280-ae27-5dabf3e709a5
  world-name: world_1.17
  x: -1904.7357106409581
  y: 20.0
  z: 869.1377718347865
  yaw: -26.548828125
  pitch: -14.999614715576172
homes:
  home:
    world: 5e52e54b-69fd-4280-ae27-5dabf3e709a5
    world-name: world_1.17
    x: -1853.357990892137
    y: 63.0
    z: 852.4430414411255
    yaw: 132.439453125
    pitch: 17.55031967163086
  x:
    world: 5e52e54b-69fd-4280-ae27-5dabf3e709a5
    world-name: world_1.17
    x: -1734.9976295685208
    y: 13.0
    z: 1283.7928323296821
    yaw: -163.0286865234375
    pitch: 22.350013732910156
  spawner:
    world: 5e52e54b-69fd-4280-ae27-5dabf3e709a5
    world-name: world_1.17
    x: -1919.8234291537995
    y: -32.0
    z: 859.4133239273663
    yaw: -50.85970687866211
    pitch: 20.850126266479492
