teleportenabled: true
teleportauto: false
godmode: false
muted: false
jailed: false
ip-address: 88.101.231.125
afk: false
socialspy: false
npc: false
powertoolsenabled: true
accepting-pay: true
baltop-exempt: false
timestamps:
  lastteleport: 1660677828161
  lastheal: 0
  mute: 0
  jail: 0
  onlinejail: 0
  logout: 1660682493548
  login: 1660672805797
money: '0'
last-account-name: 360yogi
logoutlocation:
  world: 5e52e54b-69fd-4280-ae27-5dabf3e709a5
  world-name: world_1.17
  x: -1851.3230202453265
  y: 66.0
  z: 810.6439490558218
  yaw: -10.1934814453125
  pitch: -4.950122356414795
lastlocation:
  world: 5e52e54b-69fd-4280-ae27-5dabf3e709a5
  world-name: world_1.17
  x: -1926.2001156638462
  y: 25.0
  z: 817.944920219359
  yaw: -1.6746826171875
  pitch: 11.400282859802246
homes:
  home:
    world: 5e52e54b-69fd-4280-ae27-5dabf3e709a5
    world-name: world_1.17
    x: -1853.357990892137
    y: 63.0
    z: 852.4430414411255
    yaw: 132.439453125
    pitch: 17.55031967163086
  spawner:
    world: 5e52e54b-69fd-4280-ae27-5dabf3e709a5
    world-name: world_1.17
    x: -1919.8234291537995
    y: -32.0
    z: 859.4133239273663
    yaw: -50.85970687866211
    pitch: 20.850126266479492
  x:
    world: 5e52e54b-69fd-4280-ae27-5dabf3e709a5
    world-name: world_1.17
    x: -1692.549265999896
    y: 71.0
    z: 1279.7479070681195
    yaw: -98.97947692871094
    pitch: 15.600017547607422
