teleportenabled: true
teleportauto: false
godmode: false
muted: false
jailed: false
ip-address: 88.101.231.125
afk: false
socialspy: false
npc: false
powertoolsenabled: true
accepting-pay: true
baltop-exempt: false
timestamps:
  lastteleport: 1660573733881
  lastheal: 0
  mute: 0
  jail: 0
  onlinejail: 0
  logout: 1660574455142
  login: 1660571257031
money: '0'
last-account-name: 360yogi
logoutlocation:
  world: 5e52e54b-69fd-4280-ae27-5dabf3e709a5
  world-name: world_1.17
  x: -1854.942366740585
  y: 66.0
  z: 809.5008207477687
  yaw: 173.2499542236328
  pitch: 19.799972534179688
lastlocation:
  world: 5e52e54b-69fd-4280-ae27-5dabf3e709a5
  world-name: world_1.17
  x: -1898.968721092067
  y: 72.0
  z: 764.0040356215965
  yaw: -66.8271484375
  pitch: 2.850013017654419
homes:
  home:
    world: 5e52e54b-69fd-4280-ae27-5dabf3e709a5
    world-name: world_1.17
    x: -1853.357990892137
    y: 63.0
    z: 852.4430414411255
    yaw: 132.439453125
    pitch: 17.55031967163086
  spawner:
    world: 5e52e54b-69fd-4280-ae27-5dabf3e709a5
    world-name: world_1.17
    x: -1919.8234291537995
    y: -32.0
    z: 859.4133239273663
    yaw: -50.85970687866211
    pitch: 20.850126266479492
  x:
    world: 5e52e54b-69fd-4280-ae27-5dabf3e709a5
    world-name: world_1.17
    x: -1692.549265999896
    y: 71.0
    z: 1279.7479070681195
    yaw: -98.97947692871094
    pitch: 15.600017547607422
