teleportenabled: true
teleportauto: false
godmode: false
muted: false
jailed: false
ip-address: 88.101.231.125
afk: false
socialspy: false
npc: false
powertoolsenabled: true
accepting-pay: true
baltop-exempt: false
timestamps:
  lastteleport: 1659559514045
  lastheal: 0
  mute: 0
  jail: 0
  onlinejail: 0
  logout: 1659559560190
  login: 1659558283744
money: '0'
last-account-name: 360yogi
logoutlocation:
  world: 5e52e54b-69fd-4280-ae27-5dabf3e709a5
  world-name: world_1.17
  x: -1845.935386109404
  y: 64.0
  z: 828.5872150441438
  yaw: 1.18902587890625
  pitch: 0.9003026485443115
lastlocation:
  world: 3a2fbc93-1d4c-4ec0-98d1-6263e95420c4
  world-name: world_1.17_nether
  x: -403.22560460144535
  y: 37.0
  z: 44.20607349077234
  yaw: -26.3486328125
  pitch: 14.399900436401367
homes:
  home:
    world: 5e52e54b-69fd-4280-ae27-5dabf3e709a5
    world-name: world_1.17
    x: -1853.357990892137
    y: 63.0
    z: 852.4430414411255
    yaw: 132.439453125
    pitch: 17.55031967163086
  x:
    world: 5e52e54b-69fd-4280-ae27-5dabf3e709a5
    world-name: world_1.17
    x: -1734.9976295685208
    y: 13.0
    z: 1283.7928323296821
    yaw: -163.0286865234375
    pitch: 22.350013732910156
  spawner:
    world: 5e52e54b-69fd-4280-ae27-5dabf3e709a5
    world-name: world_1.17
    x: -1919.8234291537995
    y: -32.0
    z: 859.4133239273663
    yaw: -50.85970687866211
    pitch: 20.850126266479492
