teleportenabled: true
teleportauto: false
godmode: false
muted: false
jailed: false
ip-address: 88.101.231.125
afk: false
socialspy: false
npc: false
powertoolsenabled: true
accepting-pay: true
baltop-exempt: false
timestamps:
  lastteleport: 1695545627697
  lastheal: 0
  mute: 0
  jail: 0
  onlinejail: 0
  logout: 1695545842176
  login: 1695544973971
money: '0'
last-account-name: 360yogi
logoutlocation:
  world: 5e52e54b-69fd-4280-ae27-5dabf3e709a5
  world-name: world_1.17
  x: -1934.9368990698615
  y: 67.0
  z: 844.6316757641168
  yaw: 75.73992919921875
  pitch: 16.6503963470459
lastlocation:
  world: 5e52e54b-69fd-4280-ae27-5dabf3e709a5
  world-name: world_1.17
  x: -1939.1116323255405
  y: 66.9375
  z: 818.5191971823007
  yaw: 152.8486328125
  pitch: 17.10030174255371
homes:
  home:
    world: 5e52e54b-69fd-4280-ae27-5dabf3e709a5
    world-name: world_1.17
    x: -1853.357990892137
    y: 63.0
    z: 852.4430414411255
    yaw: 132.439453125
    pitch: 17.55031967163086
  spawner:
    world: 5e52e54b-69fd-4280-ae27-5dabf3e709a5
    world-name: world_1.17
    x: -1919.8234291537995
    y: -32.0
    z: 859.4133239273663
    yaw: -50.85970687866211
    pitch: 20.850126266479492
  zamecky_palac:
    world: 5e52e54b-69fd-4280-ae27-5dabf3e709a5
    world-name: world_1.17
    x: -1908.0760861695856
    y: 93.0
    z: 674.1464424183764
    yaw: -80.99942016601562
    pitch: 5.400020599365234
