teleportenabled: true
teleportauto: false
godmode: false
muted: false
jailed: false
ip-address: 88.101.231.125
afk: false
socialspy: false
npc: false
powertoolsenabled: true
accepting-pay: true
baltop-exempt: false
timestamps:
  lastteleport: 1657225988392
  lastheal: 0
  mute: 0
  jail: 0
  onlinejail: 0
  logout: 1657225997721
  login: 1657224044732
money: '0'
last-account-name: 360yogi
logoutlocation:
  world: 5e52e54b-69fd-4280-ae27-5dabf3e709a5
  world-name: world_1.17
  x: -1860.699999988079
  y: 64.0
  z: 862.2375000119209
  yaw: -11.86050033569336
  pitch: 23.100326538085938
lastlocation:
  world: 5e52e54b-69fd-4280-ae27-5dabf3e709a5
  world-name: world_1.17
  x: -1675.4450624781416
  y: 27.0
  z: 1293.6565637210456
  yaw: 131.3906707763672
  pitch: 7.500985145568848
homes:
  home:
    world: 5e52e54b-69fd-4280-ae27-5dabf3e709a5
    world-name: world_1.17
    x: -1853.357990892137
    y: 63.0
    z: 852.4430414411255
    yaw: 132.439453125
    pitch: 17.55031967163086
  doly:
    world: 5e52e54b-69fd-4280-ae27-5dabf3e709a5
    world-name: world_1.17
    x: -1694.8921210158744
    y: 27.0
    z: 1293.9942995467534
    yaw: -90.009033203125
    pitch: 10.800678253173828
