teleportenabled: true
teleportauto: false
godmode: false
muted: false
jailed: false
ip-address: 88.101.231.125
afk: false
socialspy: false
npc: false
powertoolsenabled: true
accepting-pay: true
baltop-exempt: false
timestamps:
  lastteleport: 1658953230654
  lastheal: 0
  mute: 0
  jail: 0
  onlinejail: 0
  logout: 1658944698744
  login: 1658949246000
money: '0'
last-account-name: 360yogi
logoutlocation:
  world: 5e52e54b-69fd-4280-ae27-5dabf3e709a5
  world-name: world_1.17
  x: -1864.5596215689181
  y: 62.9375
  z: 867.5948514114835
  yaw: -15.478358268737793
  pitch: 5.700355529785156
lastlocation:
  world: 5e52e54b-69fd-4280-ae27-5dabf3e709a5
  world-name: world_1.17
  x: -1447.6799861247168
  y: 70.9375
  z: 764.4727518872276
  yaw: -86.84990692138672
  pitch: 5.550022602081299
homes:
  home:
    world: 5e52e54b-69fd-4280-ae27-5dabf3e709a5
    world-name: world_1.17
    x: -1853.357990892137
    y: 63.0
    z: 852.4430414411255
    yaw: 132.439453125
    pitch: 17.55031967163086
  x:
    world: 5e52e54b-69fd-4280-ae27-5dabf3e709a5
    world-name: world_1.17
    x: -1734.9976295685208
    y: 13.0
    z: 1283.7928323296821
    yaw: -163.0286865234375
    pitch: 22.350013732910156
  doly:
    world: 5e52e54b-69fd-4280-ae27-5dabf3e709a5
    world-name: world_1.17
    x: -1821.407995591324
    y: 29.0
    z: 763.2886291797411
    yaw: 94.63446044921875
    pitch: 8.250659942626953
