teleportenabled: true
teleportauto: false
godmode: false
muted: false
jailed: false
ip-address: 88.101.231.125
afk: false
socialspy: false
npc: false
powertoolsenabled: true
accepting-pay: true
baltop-exempt: false
timestamps:
  lastteleport: 1658087302553
  lastheal: 0
  mute: 0
  jail: 0
  onlinejail: 0
  logout: 1658087641255
  login: 1658085423496
money: '0'
last-account-name: 360yogi
logoutlocation:
  world: 5e52e54b-69fd-4280-ae27-5dabf3e709a5
  world-name: world_1.17
  x: 161.679237873984
  y: 66.0
  z: 939.3910841955803
  yaw: -88.63409423828125
  pitch: 11.250097274780273
lastlocation:
  world: 5e52e54b-69fd-4280-ae27-5dabf3e709a5
  world-name: world_1.17
  x: -1856.4233492976023
  y: 63.9375
  z: 835.8590753019
  yaw: -5.99981689453125
  pitch: 20.399988174438477
homes:
  home:
    world: 5e52e54b-69fd-4280-ae27-5dabf3e709a5
    world-name: world_1.17
    x: -1853.357990892137
    y: 63.0
    z: 852.4430414411255
    yaw: 132.439453125
    pitch: 17.55031967163086
  x:
    world: 5e52e54b-69fd-4280-ae27-5dabf3e709a5
    world-name: world_1.17
    x: -1734.9976295685208
    y: 13.0
    z: 1283.7928323296821
    yaw: -163.0286865234375
    pitch: 22.350013732910156
  mesa:
    world: 5e52e54b-69fd-4280-ae27-5dabf3e709a5
    world-name: world_1.17
    x: 161.24400295526064
    y: 66.0
    z: 939.3864244009033
    yaw: -88.63409423828125
    pitch: 11.250097274780273
