lastAccountName: Baty
timestamps:
  login: 1630352297926
  logout: 1630352534079
  lastteleport: 1627501269846
ipAddress: 147.32.96.50
lastlocation:
  world: world
  x: -115.61983123525334
  y: 70.0
  z: 90.74058748319553
  yaw: -175.19608
  pitch: -1.7999871
logoutlocation:
  world: world_1.17
  x: 797.4369471103122
  y: 87.5
  z: 947.3942808249012
  yaw: 22.947144
  pitch: 32.550007
homes:
  home:
    world: world
    x: -94.3223030223388
    y: 137.0
    z: -62.77574243177272
    yaw: 150.6059
    pitch: 54.900017
  dul:
    world: world
    x: -54.699999988079085
    y: 5.0
    z: -22.909686213584806
    yaw: 319.49792
    pitch: 18.450615
afk: false
