lastAccountName: Baty
timestamps:
  login: 1605124574663
  logout: 1605131592367
  lastteleport: 1605131491521
ipAddress: 178.255.168.6
lastlocation:
  world: world
  x: -60.885439350303415
  y: 66.0
  z: -48.30000001192093
  yaw: 321.1554
  pitch: 9.000282
logoutlocation:
  world: world
  x: -99.5
  y: 138.0
  z: -65.5
  yaw: 69.90001
  pitch: 10.800003
homes:
  home:
    world: world
    x: -94.3223030223388
    y: 137.0
    z: -62.77574243177272
    yaw: 150.6059
    pitch: 54.900017
  dul:
    world: world
    x: -54.699999988079085
    y: 5.0
    z: -22.909686213584806
    yaw: 319.49792
    pitch: 18.450615
