lastAccountName: Baty
timestamps:
  login: 1608222786668
  logout: 1608223289882
  lastteleport: 1608223044518
ipAddress: 147.32.96.50
lastlocation:
  world: world
  x: -53.34784205724573
  y: 4.0
  z: -22.864413310599087
  yaw: 175.94815
  pitch: 11.550018
logoutlocation:
  world: world
  x: -246.0375690259267
  y: 132.79673560066868
  z: -97.69999998807907
  yaw: 208.95413
  pitch: 17.100037
homes:
  home:
    world: world
    x: -94.3223030223388
    y: 137.0
    z: -62.77574243177272
    yaw: 150.6059
    pitch: 54.900017
  dul:
    world: world
    x: -54.699999988079085
    y: 5.0
    z: -22.909686213584806
    yaw: 319.49792
    pitch: 18.450615
