lastAccountName: Aleonor
timestamps:
  login: 1603381270078
  logout: 1603381317071
ipAddress: 88.101.39.37
logoutlocation:
  world: world
  x: -6.551859689021036
  y: 64.0
  z: 8.675603608169235
  yaw: 1.2664491
  pitch: 1.3499976
