lastAccountName: Kata
timestamps:
  login: 1607632855079
  logout: 1607461091012
  lastteleport: 1607632950736
ipAddress: 88.101.39.37
homes:
  k:
    world: world
    x: -324.2489512799197
    y: 66.0
    z: -592.9585448016657
    yaw: -24.694702
    pitch: 28.800053
  a:
    world: world
    x: 78.76277571641093
    y: 64.0
    z: -17.84332713303572
    yaw: 188.4436
    pitch: 24.600245
  xp:
    world: world_the_end
    x: 50.28966717572097
    y: 1.0
    z: -298.23750524391494
    yaw: 74.55206
    pitch: 18.749826
logoutlocation:
  world: world
  x: 78.72427133483077
  y: 64.0
  z: -15.620363731217626
  yaw: 80.293274
  pitch: 26.250307
lastlocation:
  world: world
  x: 78.72427133483077
  y: 64.0
  z: -15.620363731217626
  yaw: -5.5063596
  pitch: 14.40003
afk: false
