lastAccountName: Kata
timestamps:
  login: 1617042826503
  logout: 1617046045704
  lastteleport: 1617046042734
ipAddress: 88.101.39.37
homes:
  k:
    world: world
    x: 2952.018116059559
    y: 64.0
    z: -6178.634429169461
    yaw: -89.65023
    pitch: 18.900364
  a:
    world: world
    x: 2742.709479462204
    y: 73.0
    z: -2931.893014587854
    yaw: -111.714005
    pitch: 9.150025
  xp:
    world: world_the_end
    x: 50.28966717572097
    y: 1.0
    z: -298.23750524391494
    yaw: 74.55206
    pitch: 18.749826
logoutlocation:
  world: world
  x: 2952.5
  y: 64.0
  z: -6178.5
  yaw: -89.65023
  pitch: 18.900364
lastlocation:
  world: world
  x: 81.58411616836379
  y: 68.0
  z: -11.624393120695474
  yaw: -313.83624
  pitch: 8.999934
afk: false
