lastAccountName: Kata
timestamps:
  login: 1627123275032
  logout: 1627122896714
  lastteleport: 1627131279660
ipAddress: 88.101.39.37
homes:
  k:
    world: world_1.17
    x: 1230.3847912819012
    y: 70.9375
    z: 1753.2469187848335
    yaw: -82.19971
    pitch: 31.949999
  a:
    world: world_1.17
    x: 730.650868154886
    y: 84.0
    z: 946.0403452685587
    yaw: -104.4032
    pitch: 24.899841
  s:
    world: world_1.17
    x: 112.3984161962048
    y: 67.0
    z: -13.405582949394226
    yaw: -30.53125
    pitch: 32.549942
logoutlocation:
  world: world_1.17
  x: 730.5
  y: 84.0
  z: 948.5
  yaw: 89.99999
  pitch: 0.0
lastlocation:
  world: world_1.17
  x: 730.9665104037505
  y: 59.0
  z: 940.937787351686
  yaw: -24.451477
  pitch: 13.349952
afk: false
