timestamps:
  login: 1645890846334
  logout: 1645896437045
  lastteleport: 1645896425411
  lastheal: 0
  mute: 0
  jail: 0
  onlinejail: 0
homes:
  k:
    world: 5e52e54b-69fd-4280-ae27-5dabf3e709a5
    x: 3284.458112264644
    y: 63.0
    z: 529.901044976368
    yaw: -57.35248947143555
    pitch: 7.799973487854004
    world-name: world_1.17
  a:
    world: 5e52e54b-69fd-4280-ae27-5dabf3e709a5
    x: 787.5847989215431
    y: 70.0
    z: 931.9606608170587
    yaw: -59.69997787475586
    pitch: 9.600010871887207
    world-name: world_1.17
  s:
    world: 5e52e54b-69fd-4280-ae27-5dabf3e709a5
    x: 4153.938257458282
    y: 63.0
    z: 1114.8033170389901
    yaw: 176.29269409179688
    pitch: 15.299641609191895
    world-name: world_1.17
logoutlocation:
  world: 5e52e54b-69fd-4280-ae27-5dabf3e709a5
  x: 787.5
  y: 70.0
  z: 931.5
  yaw: 34.35002517700195
  pitch: 3.000004291534424
  world-name: world_1.17
lastlocation:
  world: 5e52e54b-69fd-4280-ae27-5dabf3e709a5
  x: 3284.444412820679
  y: 63.0
  z: 527.257614597328
  yaw: 49.205196380615234
  pitch: -8.985400199890137E-5
  world-name: world_1.17
afk: false
ip-address: 88.101.39.37
last-account-name: Kata
teleportenabled: true
teleportauto: false
godmode: false
muted: false
jailed: false
socialspy: false
npc: false
powertoolsenabled: true
accepting-pay: true
baltop-exempt: false
money: '0'
