lastAccountName: Kata
timestamps:
  login: 1608649144738
  logout: 1608411444463
  lastteleport: 1608651395414
ipAddress: 88.101.39.37
homes:
  k:
    world: world
    x: 2722.190681305491
    y: 67.0
    z: -2949.0197963898872
    yaw: -171.3041
    pitch: 19.650372
  a:
    world: world
    x: 2476.901826818863
    y: 80.0
    z: -3885.587597424705
    yaw: -90.87567
    pitch: 16.649902
  xp:
    world: world_the_end
    x: 50.28966717572097
    y: 1.0
    z: -298.23750524391494
    yaw: 74.55206
    pitch: 18.749826
logoutlocation:
  world: world
  x: 78.5
  y: 64.0
  z: -17.5
  yaw: 338.89368
  pitch: 10.650245
lastlocation:
  world: world
  x: 73.5
  y: 64.5625
  z: -14.5
  yaw: -122.0999
  pitch: 8.549997
afk: false
