lastAccountName: Kata
timestamps:
  login: 1627215934211
  logout: 1627160227179
  lastteleport: 1627245433631
ipAddress: 88.101.39.37
homes:
  k:
    world: world_1.17
    x: 691.9237166676711
    y: 58.0
    z: 908.0208565756143
    yaw: -150.0097
    pitch: 30.74984
  a:
    world: world_1.17
    x: 730.650868154886
    y: 84.0
    z: 946.0403452685587
    yaw: -104.4032
    pitch: 24.899841
  s:
    world: world_1.17
    x: 112.3984161962048
    y: 67.0
    z: -13.405582949394226
    yaw: -30.53125
    pitch: 32.549942
logoutlocation:
  world: world_1.17
  x: 730.5
  y: 84.0
  z: 946.5
  yaw: 42.44689
  pitch: 17.699873
lastlocation:
  world: world_1.17
  x: 649.5656886187777
  y: 172.0
  z: 870.5477396752506
  yaw: -29.860636
  pitch: 67.94989
afk: true
