lastAccountName: Kata
timestamps:
  login: 1609258397633
  logout: 1609182767789
  lastteleport: 1609263556927
ipAddress: 88.101.39.37
homes:
  k:
    world: world
    x: 2802.158777282175
    y: 73.0
    z: -4175.689247213805
    yaw: -314.54947
    pitch: 26.250002
  a:
    world: world
    x: 2742.709479462204
    y: 73.0
    z: -2931.893014587854
    yaw: -111.714005
    pitch: 9.150025
  xp:
    world: world_the_end
    x: 50.28966717572097
    y: 1.0
    z: -298.23750524391494
    yaw: 74.55206
    pitch: 18.749826
logoutlocation:
  world: world
  x: 84.11714997899762
  y: 68.0
  z: -4.541567851069136
  yaw: -131.84857
  pitch: 7.1999693
lastlocation:
  world: world
  x: 2802.543810411962
  y: 73.0
  z: -4176.571889799037
  yaw: -197.6999
  pitch: 30.449924
afk: false
