lastAccountName: Kata
timestamps:
  login: 1627215934211
  logout: 1627160227179
  lastteleport: 1627216827413
ipAddress: 88.101.39.37
homes:
  k:
    world: world_1.17_nether
    x: 107.30000001192093
    y: 36.0
    z: -249.30000001192093
    yaw: 173.5862
    pitch: 26.84952
  a:
    world: world_1.17
    x: 730.650868154886
    y: 84.0
    z: 946.0403452685587
    yaw: -104.4032
    pitch: 24.899841
  s:
    world: world_1.17
    x: 112.3984161962048
    y: 67.0
    z: -13.405582949394226
    yaw: -30.53125
    pitch: 32.549942
logoutlocation:
  world: world_1.17
  x: 730.5
  y: 84.0
  z: 946.5
  yaw: 42.44689
  pitch: 17.699873
lastlocation:
  world: world_1.17
  x: 738.1634225200687
  y: 64.0
  z: 952.2196337143621
  yaw: 82.94852
  pitch: 20.249746
afk: false
