lastAccountName: Kata
timestamps:
  login: 1608672181384
  logout: 1608678412648
  lastteleport: 1608675767052
ipAddress: 88.101.39.37
homes:
  k:
    world: world
    x: 2804.5
    y: 73.0
    z: -4177.5
    yaw: -295.18854
    pitch: 18.450308
  a:
    world: world
    x: 2742.709479462204
    y: 73.0
    z: -2931.893014587854
    yaw: -111.714005
    pitch: 9.150025
  xp:
    world: world_the_end
    x: 50.28966717572097
    y: 1.0
    z: -298.23750524391494
    yaw: 74.55206
    pitch: 18.749826
logoutlocation:
  world: world
  x: 3752.9627995908254
  y: 62.07326402707853
  z: -2031.015606216245
  yaw: 190.89685
  pitch: 30.000542
lastlocation:
  world: world
  x: 2813.316384704501
  y: 81.0
  z: -4116.851482399816
  yaw: -86.689545
  pitch: 24.45033
afk: false
