lastAccountName: Kata
timestamps:
  login: 1628177567693
  logout: 1628196445563
  lastteleport: 1628196302896
ipAddress: 88.101.39.37
homes:
  k:
    world: world_1.17
    x: 646.2721604180555
    y: 64.0
    z: 870.5999726298281
    yaw: -62.404755
    pitch: 17.700102
  a:
    world: world_1.17
    x: 732.14444811109
    y: 84.0
    z: 947.2511512425637
    yaw: 171.7467
    pitch: 8.399881
  s:
    world: world_1.17
    x: 797.0151821333991
    y: 69.0
    z: 924.2466694174117
    yaw: 121.03134
    pitch: 20.400408
logoutlocation:
  world: world_1.17
  x: 649.0013004383321
  y: 93.0
  z: 871.0332495157328
  yaw: -166.2056
  pitch: 10.950109
lastlocation:
  world: world_1.17
  x: 649.5508840641504
  y: 173.0
  z: 870.5733250939593
  yaw: 124.64331
  pitch: -25.649652
afk: false
