lastAccountName: Kata
timestamps:
  login: 1608653913431
  logout: 1608653779603
  lastteleport: 1608655682798
ipAddress: 88.101.39.37
homes:
  k:
    world: world
    x: 2803.654391086823
    y: 73.0
    z: -4176.885651787259
    yaw: -209.24872
    pitch: 33.30022
  a:
    world: world
    x: 2804.059065289282
    y: 73.0
    z: -4177.7656791906775
    yaw: -242.38821
    pitch: 12.150316
  xp:
    world: world_the_end
    x: 50.28966717572097
    y: 1.0
    z: -298.23750524391494
    yaw: 74.55206
    pitch: 18.749826
logoutlocation:
  world: world
  x: 2707.427336740012
  y: 69.0
  z: -4139.889913567933
  yaw: 36.450134
  pitch: 11.400058
lastlocation:
  world: world
  x: 2690.3940147879593
  y: 41.0
  z: -4171.961460168926
  yaw: -5.854767
  pitch: 31.949862
afk: false
