lastAccountName: Kata
timestamps:
  login: 1628263308317
  logout: 1628268876841
  lastteleport: 1628265850667
ipAddress: 88.101.39.37
homes:
  k:
    world: world_1.17
    x: 646.2721604180555
    y: 64.0
    z: 870.5999726298281
    yaw: -62.404755
    pitch: 17.700102
  a:
    world: world_1.17
    x: 732.14444811109
    y: 84.0
    z: 947.2511512425637
    yaw: 171.7467
    pitch: 8.399881
  s:
    world: world_1.17
    x: 797.0151821333991
    y: 69.0
    z: 924.2466694174117
    yaw: 121.03134
    pitch: 20.400408
logoutlocation:
  world: world_1.17
  x: 732.5
  y: 84.0
  z: 947.5
  yaw: 140.24673
  pitch: 11.549876
lastlocation:
  world: world_1.17
  x: 721.3526839497022
  y: 63.0
  z: 926.4171820995666
  yaw: -83.854126
  pitch: 13.949689
afk: false
