lastAccountName: Kata
timestamps:
  login: 1605545870212
  logout: 1605478137980
  lastteleport: 1605547172535
ipAddress: 88.101.39.37
homes:
  k:
    world: world
    x: -396.47266411908913
    y: 71.0
    z: -561.4974674510975
    yaw: -247.53746
    pitch: 32.249836
  a:
    world: world
    x: 88.44259360801209
    y: 64.0
    z: -6.470155220487676
    yaw: 113.89319
    pitch: 22.500202
  xp:
    world: world_the_end
    x: 50.28966717572097
    y: 1.0
    z: -298.23750524391494
    yaw: 74.55206
    pitch: 18.749826
logoutlocation:
  world: world
  x: 74.74126349422527
  y: 64.0
  z: -10.581282663809645
  yaw: 102.04413
  pitch: 39.90015
lastlocation:
  world: world
  x: 73.5
  y: 64.0
  z: -12.5
  yaw: -180.0
  pitch: 0.0
