lastAccountName: Kata
timestamps:
  login: 1608653913431
  logout: 1608656412788
  lastteleport: 1608656346611
ipAddress: 88.101.39.37
homes:
  k:
    world: world
    x: 2810.1825880260767
    y: 12.0
    z: -4172.152650115283
    yaw: 56.0813
    pitch: 2.5500877
  a:
    world: world
    x: 2804.059065289282
    y: 73.0
    z: -4177.7656791906775
    yaw: -242.38821
    pitch: 12.150316
  xp:
    world: world_the_end
    x: 50.28966717572097
    y: 1.0
    z: -298.23750524391494
    yaw: 74.55206
    pitch: 18.749826
logoutlocation:
  world: world
  x: 2803.8265765754068
  y: 73.0
  z: -4178.2012244379175
  yaw: 188.69946
  pitch: 19.800066
lastlocation:
  world: world
  x: 2810.1825880260767
  y: 12.0
  z: -4172.152650115283
  yaw: 56.0813
  pitch: 2.5500877
afk: false
