lastAccountName: Kata
timestamps:
  login: 1609173264649
  logout: 1609022999292
  lastteleport: 1609173328499
ipAddress: 78.80.16.232
homes:
  k:
    world: world
    x: 2804.5
    y: 73.0
    z: -4177.5
    yaw: -295.18854
    pitch: 18.450308
  a:
    world: world
    x: 2742.709479462204
    y: 73.0
    z: -2931.893014587854
    yaw: -111.714005
    pitch: 9.150025
  xp:
    world: world_the_end
    x: 50.28966717572097
    y: 1.0
    z: -298.23750524391494
    yaw: 74.55206
    pitch: 18.749826
logoutlocation:
  world: world
  x: 68.83709493907072
  y: 64.0
  z: -12.601051348504434
  yaw: 48.59973
  pitch: 25.201307
lastlocation:
  world: world
  x: 68.95374348941992
  y: 68.0
  z: -13.54938412918675
  yaw: -141.44998
  pitch: -14.848739
afk: false
