lastAccountName: Kata
timestamps:
  login: 1628097549636
  logout: 1628025539482
  lastteleport: 1628098418892
ipAddress: 88.101.39.37
homes:
  k:
    world: world_1.17
    x: 646.2721604180555
    y: 64.0
    z: 870.5999726298281
    yaw: -62.404755
    pitch: 17.700102
  a:
    world: world_1.17
    x: 732.14444811109
    y: 84.0
    z: 947.2511512425637
    yaw: 171.7467
    pitch: 8.399881
  s:
    world: world_1.17
    x: 791.6705019567305
    y: 69.0
    z: 921.8499096690223
    yaw: 4.0464163
    pitch: 39.29974
logoutlocation:
  world: world_1.17
  x: 796.772864165255
  y: 70.0
  z: 929.4341902168514
  yaw: 18.412964
  pitch: 31.950226
lastlocation:
  world: world_1.17
  x: 811.0685829565462
  y: 69.0
  z: 954.7210404284932
  yaw: 154.04639
  pitch: 18.150446
afk: false
