timestamps:
  login: 1645890846334
  logout: 1645885109273
  lastteleport: 1645892602865
  lastheal: 0
  mute: 0
  jail: 0
  onlinejail: 0
homes:
  k:
    world: 5e52e54b-69fd-4280-ae27-5dabf3e709a5
    x: 5591.195309707662
    y: -20.0
    z: 3880.8945044942125
    yaw: -128.0268096923828
    pitch: 3.6020383834838867
    world-name: world_1.17
  a:
    world: 5e52e54b-69fd-4280-ae27-5dabf3e709a5
    x: 787.5847989215431
    y: 70.0
    z: 931.9606608170587
    yaw: -59.69997787475586
    pitch: 9.600010871887207
    world-name: world_1.17
  s:
    world: 5e52e54b-69fd-4280-ae27-5dabf3e709a5
    x: 6219.190455304384
    y: 70.0
    z: 3832.009538772431
    yaw: -128.4656524658203
    pitch: 26.249921798706055
    world-name: world_1.17
logoutlocation:
  world: 5e52e54b-69fd-4280-ae27-5dabf3e709a5
  x: 795.2524289867101
  y: 69.0625
  z: 938.3974210622366
  yaw: 119.39762878417969
  pitch: 9.899852752685547
  world-name: world_1.17
lastlocation:
  world: 5e52e54b-69fd-4280-ae27-5dabf3e709a5
  x: 787.5847989215431
  y: 70.0
  z: 931.9606608170587
  yaw: -64.4999771118164
  pitch: 8.850011825561523
  world-name: world_1.17
afk: false
ip-address: 88.101.39.37
last-account-name: Kata
teleportenabled: true
teleportauto: false
godmode: false
muted: false
jailed: false
socialspy: false
npc: false
powertoolsenabled: true
accepting-pay: true
baltop-exempt: false
money: '0'
