lastAccountName: Kata
timestamps:
  login: 1627845111485
  logout: 1627845054877
  lastteleport: 1627848177250
ipAddress: 88.101.39.37
homes:
  k:
    world: world_1.17
    x: 646.2721604180555
    y: 64.0
    z: 870.5999726298281
    yaw: -62.404755
    pitch: 17.700102
  a:
    world: world_1.17
    x: 730.650868154886
    y: 84.0
    z: 946.0403452685587
    yaw: -104.4032
    pitch: 24.899841
  s:
    world: world_1.17
    x: 550.8106281584326
    y: 69.0
    z: 1063.1933744962707
    yaw: 147.29517
    pitch: 9.150505
logoutlocation:
  world: world_1.17
  x: 721.6727138529415
  y: 63.0
  z: 960.3005349327766
  yaw: -57.60257
  pitch: 33.600113
lastlocation:
  world: world_1.17
  x: 754.8955105473561
  y: 66.0
  z: 932.9918882915381
  yaw: -115.351135
  pitch: 22.649906
afk: false
