lastAccountName: Kata
timestamps:
  login: 1627114676751
  logout: 1626985281264
  lastteleport: 1627116022635
ipAddress: 88.101.39.37
homes:
  k:
    world: world_1.17
    x: 841.6999999880791
    y: 62.0
    z: 1302.699999988079
    yaw: -116.19913
    pitch: 16.050198
  a:
    world: world_1.17
    x: 730.650868154886
    y: 84.0
    z: 946.0403452685587
    yaw: -104.4032
    pitch: 24.899841
  s:
    world: world_1.17
    x: 112.3984161962048
    y: 67.0
    z: -13.405582949394226
    yaw: -30.53125
    pitch: 32.549942
logoutlocation:
  world: world_1.17
  x: 719.4793691208322
  y: 63.0
  z: 924.0510282260276
  yaw: 79.55087
  pitch: 15.450396
lastlocation:
  world: world_1.17
  x: 901.9627709710732
  y: 62.0
  z: 1065.5648831568283
  yaw: 22.170233
  pitch: 48.299973
afk: true
