lastAccountName: Kata
timestamps:
  login: 1628622050157
  logout: 1628627594276
  lastteleport: 1628627489879
ipAddress: 88.101.39.37
homes:
  k:
    world: world_1.17
    x: 646.2721604180555
    y: 64.0
    z: 870.5999726298281
    yaw: -62.404755
    pitch: 17.700102
  a:
    world: world_1.17
    x: 798.4410920543146
    y: 69.0625
    z: 939.4015179670437
    yaw: 1.1975098
    pitch: 12.149842
  s:
    world: world_1.17
    x: 794.8000024567395
    y: 11.0
    z: 861.3592593859594
    yaw: 88.20245
    pitch: 19.49988
logoutlocation:
  world: world_1.17
  x: 786.5
  y: 70.0
  z: 929.5
  yaw: -94.50006
  pitch: 38.399967
lastlocation:
  world: world_1.17
  x: 786.5
  y: 70.0
  z: 929.5
  yaw: -86.4
  pitch: 3.1500006
afk: false
