lastAccountName: Kata
timestamps:
  login: 1606760124122
  logout: 1606767014996
  lastteleport: 1606766294078
ipAddress: 88.101.39.37
homes:
  k:
    world: world
    x: -324.2489512799197
    y: 66.0
    z: -592.9585448016657
    yaw: -24.694702
    pitch: 28.800053
  a:
    world: world
    x: 78.76277571641093
    y: 64.0
    z: -17.84332713303572
    yaw: 188.4436
    pitch: 24.600245
  xp:
    world: world_the_end
    x: 50.28966717572097
    y: 1.0
    z: -298.23750524391494
    yaw: 74.55206
    pitch: 18.749826
logoutlocation:
  world: world
  x: 84.02916883688053
  y: 64.0
  z: -6.901363877544014
  yaw: 202.24664
  pitch: 9.750379
lastlocation:
  world: world
  x: -337.99695325087697
  y: 11.0
  z: -680.87742589032
  yaw: -28.736755
  pitch: 30.449903
afk: false
