lastAccountName: Kata
timestamps:
  login: 1617217844540
  logout: 1617046045704
  lastteleport: 1617221134575
ipAddress: 88.101.39.37
homes:
  k:
    world: world
    x: 2952.018116059559
    y: 64.0
    z: -6178.634429169461
    yaw: -89.65023
    pitch: 18.900364
  a:
    world: world
    x: 2742.709479462204
    y: 73.0
    z: -2931.893014587854
    yaw: -111.714005
    pitch: 9.150025
  xp:
    world: world_the_end
    x: 50.28966717572097
    y: 1.0
    z: -298.23750524391494
    yaw: 74.55206
    pitch: 18.749826
logoutlocation:
  world: world
  x: 2952.5
  y: 64.0
  z: -6178.5
  yaw: -89.65023
  pitch: 18.900364
lastlocation:
  world: world
  x: 2951.217961634765
  y: 64.0
  z: -6178.408592863115
  yaw: -34.450012
  pitch: 12.000382
afk: false
