lastAccountName: Kata
timestamps:
  login: 1608408082215
  logout: 1608411444463
  lastteleport: 1608411436483
ipAddress: 88.101.39.37
homes:
  k:
    world: world
    x: 2722.190681305491
    y: 67.0
    z: -2949.0197963898872
    yaw: -171.3041
    pitch: 19.650372
  a:
    world: world
    x: 78.76277571641093
    y: 64.0
    z: -17.84332713303572
    yaw: 188.4436
    pitch: 24.600245
  xp:
    world: world_the_end
    x: 50.28966717572097
    y: 1.0
    z: -298.23750524391494
    yaw: 74.55206
    pitch: 18.749826
logoutlocation:
  world: world
  x: 78.5
  y: 64.0
  z: -17.5
  yaw: 338.89368
  pitch: 10.650245
lastlocation:
  world: world
  x: -20.92500001192093
  y: 63.0
  z: 369.3173661147247
  yaw: 271.23462
  pitch: 28.79937
afk: false
