lastAccountName: Kata
timestamps:
  login: 1610916751688
  logout: 1610560789490
  lastteleport: 1610556897202
ipAddress: 88.101.39.37
homes:
  k:
    world: world
    x: 2952.018116059559
    y: 64.0
    z: -6178.634429169461
    yaw: -89.65023
    pitch: 18.900364
  a:
    world: world
    x: 2742.709479462204
    y: 73.0
    z: -2931.893014587854
    yaw: -111.714005
    pitch: 9.150025
  xp:
    world: world_the_end
    x: 50.28966717572097
    y: 1.0
    z: -298.23750524391494
    yaw: 74.55206
    pitch: 18.749826
logoutlocation:
  world: world
  x: 86.5
  y: 68.5625
  z: -4.5
  yaw: -216.15
  pitch: 7.8000026
lastlocation:
  world: world
  x: 106.66676022633777
  y: 53.0
  z: -11.300000011920929
  yaw: 296.3418
  pitch: 25.800592
afk: false
