lastAccountName: Kata
timestamps:
  login: 1627499283307
  logout: 1627415787716
  lastteleport: 1627501383338
ipAddress: 88.101.39.37
homes:
  k:
    world: world_1.17
    x: 691.9237166676711
    y: 58.0
    z: 908.0208565756143
    yaw: -150.0097
    pitch: 30.74984
  a:
    world: world_1.17
    x: 730.650868154886
    y: 84.0
    z: 946.0403452685587
    yaw: -104.4032
    pitch: 24.899841
  s:
    world: world_1.17
    x: 112.3984161962048
    y: 67.0
    z: -13.405582949394226
    yaw: -30.53125
    pitch: 32.549942
logoutlocation:
  world: world_1.17
  x: 730.5
  y: 84.0
  z: 948.5
  yaw: 111.90001
  pitch: 11.700003
lastlocation:
  world: world_1.17_nether
  x: 20.445432464849993
  y: 97.0
  z: -18.76661415536421
  yaw: 118.5681
  pitch: 7.5000277
afk: false
