lastAccountName: Kata
timestamps:
  login: 1628439794874
  logout: 1628447635534
  lastteleport: 1628446467850
ipAddress: 88.101.39.37
homes:
  k:
    world: world_1.17
    x: 646.2721604180555
    y: 64.0
    z: 870.5999726298281
    yaw: -62.404755
    pitch: 17.700102
  a:
    world: world_1.17
    x: 732.14444811109
    y: 84.0
    z: 947.2511512425637
    yaw: 171.7467
    pitch: 8.399881
  s:
    world: world_1.17
    x: 797.0151821333991
    y: 69.0
    z: 924.2466694174117
    yaw: 121.03134
    pitch: 20.400408
logoutlocation:
  world: world_1.17
  x: 732.5
  y: 84.0
  z: 947.5
  yaw: 171.7467
  pitch: 8.399881
lastlocation:
  world: world_1.17
  x: 807.6383236945977
  y: 69.0
  z: 935.6401248233976
  yaw: -93.61725
  pitch: -16.949425
afk: false
