lastAccountName: Kata
timestamps:
  login: 1605605555434
  logout: 1605611409172
  lastteleport: 1605611306328
ipAddress: 88.101.39.37
homes:
  k:
    world: world
    x: -324.2489512799197
    y: 66.0
    z: -592.9585448016657
    yaw: -24.694702
    pitch: 28.800053
  a:
    world: world
    x: 88.44259360801209
    y: 64.0
    z: -6.470155220487676
    yaw: 113.89319
    pitch: 22.500202
  xp:
    world: world_the_end
    x: 50.28966717572097
    y: 1.0
    z: -298.23750524391494
    yaw: 74.55206
    pitch: 18.749826
logoutlocation:
  world: world
  x: -54.23338980382053
  y: 71.0
  z: 87.36795125091643
  yaw: -220.83112
  pitch: 17.999956
lastlocation:
  world: world
  x: 88.49879157363502
  y: 64.0
  z: -7.202324119013275
  yaw: 100.09487
  pitch: 10.350139
