lastAccountName: Kata
timestamps:
  login: 1605545870212
  logout: 1605553772313
  lastteleport: 1605553396786
ipAddress: 88.101.39.37
homes:
  k:
    world: world
    x: -323.46782990223636
    y: 66.0
    z: -594.956268791283
    yaw: 4.917148
    pitch: 42.750664
  a:
    world: world
    x: 88.44259360801209
    y: 64.0
    z: -6.470155220487676
    yaw: 113.89319
    pitch: 22.500202
  xp:
    world: world_the_end
    x: 50.28966717572097
    y: 1.0
    z: -298.23750524391494
    yaw: 74.55206
    pitch: 18.749826
logoutlocation:
  world: world
  x: 80.14369622223454
  y: 64.0
  z: -15.85562173939437
  yaw: 278.58466
  pitch: 25.800549
lastlocation:
  world: world
  x: -323.3766027412724
  y: 66.0
  z: -595.1900051549178
  yaw: -6.932938
  pitch: 41.100628
