lastAccountName: Kata
timestamps:
  login: 1610554097054
  logout: 1609545702794
  lastteleport: 1609544072397
ipAddress: 88.101.39.37
homes:
  k:
    world: world
    x: 2952.018116059559
    y: 64.0
    z: -6178.634429169461
    yaw: -89.65023
    pitch: 18.900364
  a:
    world: world
    x: 2742.709479462204
    y: 73.0
    z: -2931.893014587854
    yaw: -111.714005
    pitch: 9.150025
  xp:
    world: world_the_end
    x: 50.28966717572097
    y: 1.0
    z: -298.23750524391494
    yaw: 74.55206
    pitch: 18.749826
logoutlocation:
  world: world
  x: -135.80000001192096
  y: 67.5
  z: 15.2247489068852
  yaw: 173.90399
  pitch: 10.050324
lastlocation:
  world: world
  x: -103.01697478299299
  y: 69.9375
  z: 30.621781057636838
  yaw: -264.78287
  pitch: 23.849928
afk: false
