lastAccountName: Kata
timestamps:
  login: 1627499283307
  logout: 1627509245722
  lastteleport: 1627509243655
ipAddress: 88.101.39.37
homes:
  k:
    world: world_1.17
    x: 646.2721604180555
    y: 64.0
    z: 870.5999726298281
    yaw: -62.404755
    pitch: 17.700102
  a:
    world: world_1.17
    x: 730.650868154886
    y: 84.0
    z: 946.0403452685587
    yaw: -104.4032
    pitch: 24.899841
  s:
    world: world_1.17
    x: 649.1341419380233
    y: 93.0
    z: 870.6746791480628
    yaw: -164.40518
    pitch: 18.150097
logoutlocation:
  world: world_1.17
  x: 730.5
  y: 84.0
  z: 946.5
  yaw: -104.4032
  pitch: 24.899841
lastlocation:
  world: world_1.17
  x: 647.2596429559621
  y: 64.0
  z: 870.89460582478
  yaw: -79.50479
  pitch: 19.350094
afk: false
