lastAccountName: Kata
timestamps:
  login: 1609343291835
  logout: 1609349762845
  lastteleport: 1609348722831
ipAddress: 88.101.39.37
homes:
  k:
    world: world
    x: 2952.018116059559
    y: 64.0
    z: -6178.634429169461
    yaw: -89.65023
    pitch: 18.900364
  a:
    world: world
    x: 2742.709479462204
    y: 73.0
    z: -2931.893014587854
    yaw: -111.714005
    pitch: 9.150025
  xp:
    world: world_the_end
    x: 50.28966717572097
    y: 1.0
    z: -298.23750524391494
    yaw: 74.55206
    pitch: 18.749826
logoutlocation:
  world: world
  x: 68.82495295690732
  y: 72.0
  z: -12.355752501032327
  yaw: 4.4209595
  pitch: 35.849606
lastlocation:
  world: world
  x: 74.5069576501509
  y: 15.0
  z: 98.17964881527469
  yaw: 222.15515
  pitch: 42.149807
afk: false
