lastAccountName: Kata
timestamps:
  login: 1609173264649
  logout: 1609022999292
  lastteleport: 1609174678153
ipAddress: 78.80.16.232
homes:
  k:
    world: world
    x: 2802.158777282175
    y: 73.0
    z: -4175.689247213805
    yaw: -314.54947
    pitch: 26.250002
  a:
    world: world
    x: 2742.709479462204
    y: 73.0
    z: -2931.893014587854
    yaw: -111.714005
    pitch: 9.150025
  xp:
    world: world_the_end
    x: 50.28966717572097
    y: 1.0
    z: -298.23750524391494
    yaw: 74.55206
    pitch: 18.749826
logoutlocation:
  world: world
  x: 68.83709493907072
  y: 64.0
  z: -12.601051348504434
  yaw: 48.59973
  pitch: 25.201307
lastlocation:
  world: world
  x: 2709.583611063361
  y: 64.0
  z: -4116.115791194248
  yaw: 35.99701
  pitch: 26.400105
afk: false
