lastAccountName: Kata
timestamps:
  login: 1606586507702
  logout: 1606590667711
  lastteleport: 1606590563977
ipAddress: 88.101.39.37
homes:
  k:
    world: world
    x: -324.2489512799197
    y: 66.0
    z: -592.9585448016657
    yaw: -24.694702
    pitch: 28.800053
  a:
    world: world
    x: 88.44259360801209
    y: 64.0
    z: -6.470155220487676
    yaw: 113.89319
    pitch: 22.500202
  xp:
    world: world_the_end
    x: 50.28966717572097
    y: 1.0
    z: -298.23750524391494
    yaw: 74.55206
    pitch: 18.749826
logoutlocation:
  world: world
  x: -118.06035502155028
  y: 76.0
  z: 13.681723038177669
  yaw: 261.56927
  pitch: 47.10006
lastlocation:
  world: world
  x: 83.8342088238664
  y: 64.0
  z: -7.549064910680728
  yaw: 136.84308
  pitch: 14.850193
