lastAccountName: Kata
timestamps:
  login: 1627921678131
  logout: 1627854904976
  lastteleport: 1627921782317
ipAddress: 88.101.39.37
homes:
  k:
    world: world_1.17
    x: 646.2721604180555
    y: 64.0
    z: 870.5999726298281
    yaw: -62.404755
    pitch: 17.700102
  a:
    world: world_1.17
    x: 732.14444811109
    y: 84.0
    z: 947.2511512425637
    yaw: 171.7467
    pitch: 8.399881
  s:
    world: world_1.17
    x: 630.2072661863031
    y: 7.0
    z: 1320.4128505470812
    yaw: -81.60501
    pitch: 6.449666
logoutlocation:
  world: world_1.17
  x: 1001.4372549707455
  y: 72.0
  z: 498.41203879752067
  yaw: 152.86491
  pitch: 15.450112
lastlocation:
  world: world_1.17
  x: 1015.449284225384
  y: 72.0
  z: 508.2132814445413
  yaw: 146.86385
  pitch: 4.3502564
afk: false
