lastAccountName: Kata
timestamps:
  login: 1605469270666
  logout: 1605478137980
  lastteleport: 1605478089580
ipAddress: 88.101.39.37
homes:
  k:
    world: world
    x: 741.3000000119209
    y: 36.0
    z: -1720.959025143837
    yaw: 224.18625
    pitch: 17.84965
  a:
    world: world
    x: 88.44259360801209
    y: 64.0
    z: -6.470155220487676
    yaw: 113.89319
    pitch: 22.500202
  xp:
    world: world_the_end
    x: 50.28966717572097
    y: 1.0
    z: -298.23750524391494
    yaw: 74.55206
    pitch: 18.749826
logoutlocation:
  world: world
  x: 74.74126349422527
  y: 64.0
  z: -10.581282663809645
  yaw: 102.04413
  pitch: 39.90015
lastlocation:
  world: world
  x: 732.6999999880791
  y: 44.0
  z: -1745.6438354563472
  yaw: -63.813324
  pitch: 3.8999481
