timestamps:
  login: 1645971019981
  logout: 1645896437045
  lastteleport: 1645975007660
  lastheal: 0
  mute: 0
  jail: 0
  onlinejail: 0
homes:
  k:
    world: 5e52e54b-69fd-4280-ae27-5dabf3e709a5
    x: 3213.3706087754886
    y: 43.0
    z: 666.262330618476
    yaw: 31.596435546875
    pitch: 7.049967288970947
    world-name: world_1.17
  a:
    world: 5e52e54b-69fd-4280-ae27-5dabf3e709a5
    x: 787.5847989215431
    y: 70.0
    z: 931.9606608170587
    yaw: -59.69997787475586
    pitch: 9.600010871887207
    world-name: world_1.17
  s:
    world: 5e52e54b-69fd-4280-ae27-5dabf3e709a5
    x: 4155.956569427729
    y: 68.0
    z: 1062.1650346493273
    yaw: 59.29216766357422
    pitch: 21.59967613220215
    world-name: world_1.17
logoutlocation:
  world: 5e52e54b-69fd-4280-ae27-5dabf3e709a5
  x: 787.5
  y: 70.0
  z: 931.5
  yaw: 34.35002517700195
  pitch: 3.000004291534424
  world-name: world_1.17
lastlocation:
  world: 5e52e54b-69fd-4280-ae27-5dabf3e709a5
  x: 789.435660888175
  y: 55.0
  z: 890.8882178061159
  yaw: 96.14837646484375
  pitch: 12.900036811828613
  world-name: world_1.17
afk: false
ip-address: 88.101.39.37
last-account-name: Kata
teleportenabled: true
teleportauto: false
godmode: false
muted: false
jailed: false
socialspy: false
npc: false
powertoolsenabled: true
accepting-pay: true
baltop-exempt: false
money: '0'
