lastAccountName: Kata
timestamps:
  login: 1627123275032
  logout: 1627122896714
  lastteleport: 1627125403595
ipAddress: 88.101.39.37
homes:
  k:
    world: world_1.17
    x: 856.3434739378811
    y: 64.0
    z: 1427.3382227227
    yaw: 96.75003
    pitch: 39.300236
  a:
    world: world_1.17
    x: 730.650868154886
    y: 84.0
    z: 946.0403452685587
    yaw: -104.4032
    pitch: 24.899841
  s:
    world: world_1.17
    x: 112.3984161962048
    y: 67.0
    z: -13.405582949394226
    yaw: -30.53125
    pitch: 32.549942
logoutlocation:
  world: world_1.17
  x: 730.5
  y: 84.0
  z: 948.5
  yaw: 89.99999
  pitch: 0.0
lastlocation:
  world: world_1.17
  x: 745.2851326247101
  y: 64.0
  z: 946.3311494457837
  yaw: -100.95342
  pitch: 23.699823
afk: false
