lastAccountName: Kata
timestamps:
  login: 1627499283307
  logout: 1627415787716
  lastteleport: 1627506283069
ipAddress: 88.101.39.37
homes:
  k:
    world: world_1.17
    x: 646.2721604180555
    y: 64.0
    z: 870.5999726298281
    yaw: -62.404755
    pitch: 17.700102
  a:
    world: world_1.17
    x: 730.650868154886
    y: 84.0
    z: 946.0403452685587
    yaw: -104.4032
    pitch: 24.899841
  s:
    world: world_1.17
    x: 649.1341419380233
    y: 93.0
    z: 870.6746791480628
    yaw: -164.40518
    pitch: 18.150097
logoutlocation:
  world: world_1.17
  x: 730.5
  y: 84.0
  z: 948.5
  yaw: 111.90001
  pitch: 11.700003
lastlocation:
  world: world_1.17
  x: 776.1278278816982
  y: 63.0
  z: 957.8080105364486
  yaw: -1.8034973
  pitch: 15.149784
afk: false
