lastAccountName: Kata
timestamps:
  login: 1627114676751
  logout: 1626985281264
  lastteleport: 1627119877654
ipAddress: 88.101.39.37
homes:
  k:
    world: world_1.17
    x: 856.3434739378811
    y: 64.0
    z: 1427.3382227227
    yaw: 96.75003
    pitch: 39.300236
  a:
    world: world_1.17
    x: 730.650868154886
    y: 84.0
    z: 946.0403452685587
    yaw: -104.4032
    pitch: 24.899841
  s:
    world: world_1.17
    x: 112.3984161962048
    y: 67.0
    z: -13.405582949394226
    yaw: -30.53125
    pitch: 32.549942
logoutlocation:
  world: world_1.17
  x: 719.4793691208322
  y: 63.0
  z: 924.0510282260276
  yaw: 79.55087
  pitch: 15.450396
lastlocation:
  world: world_1.17
  x: 791.6999999880791
  y: 55.0
  z: 888.224778352168
  yaw: -171.29749
  pitch: 51.000004
afk: false
