lastAccountName: Kata
timestamps:
  login: 1608394988477
  logout: 1608403477965
  lastteleport: 1608403433465
ipAddress: 88.101.39.37
homes:
  k:
    world: world
    x: 2726.3954193589775
    y: 64.0
    z: -2940.550144431278
    yaw: 20.695902
    pitch: 23.850288
  a:
    world: world
    x: 78.76277571641093
    y: 64.0
    z: -17.84332713303572
    yaw: 188.4436
    pitch: 24.600245
  xp:
    world: world_the_end
    x: 50.28966717572097
    y: 1.0
    z: -298.23750524391494
    yaw: 74.55206
    pitch: 18.749826
logoutlocation:
  world: world
  x: 73.5
  y: 64.5625
  z: -13.5
  yaw: -179.85
  pitch: -0.45000005
lastlocation:
  world: world
  x: 2643.979940135479
  y: 60.8338399320712
  z: -3006.1636003711437
  yaw: -91.654594
  pitch: 44.85016
afk: false
