lastAccountName: Kata
timestamps:
  login: 1605545870212
  logout: 1605478137980
  lastteleport: 1605551544052
ipAddress: 88.101.39.37
homes:
  k:
    world: world
    x: -323.46782990223636
    y: 66.0
    z: -594.956268791283
    yaw: 4.917148
    pitch: 42.750664
  a:
    world: world
    x: 88.44259360801209
    y: 64.0
    z: -6.470155220487676
    yaw: 113.89319
    pitch: 22.500202
  xp:
    world: world_the_end
    x: 50.28966717572097
    y: 1.0
    z: -298.23750524391494
    yaw: 74.55206
    pitch: 18.749826
logoutlocation:
  world: world
  x: 74.74126349422527
  y: 64.0
  z: -10.581282663809645
  yaw: 102.04413
  pitch: 39.90015
lastlocation:
  world: world
  x: -372.30000001192093
  y: 39.0
  z: -567.6999999880791
  yaw: -178.49329
  pitch: 47.099915
