lastAccountName: Kata
timestamps:
  login: 1609277657094
  logout: 1609273772646
  lastteleport: 1609280737613
ipAddress: 88.101.39.37
homes:
  k:
    world: world
    x: 2946.4415833671796
    y: 64.0
    z: -6178.522172922532
    yaw: -67.90009
    pitch: 13.500382
  a:
    world: world
    x: 2742.709479462204
    y: 73.0
    z: -2931.893014587854
    yaw: -111.714005
    pitch: 9.150025
  xp:
    world: world_the_end
    x: 50.28966717572097
    y: 1.0
    z: -298.23750524391494
    yaw: 74.55206
    pitch: 18.749826
logoutlocation:
  world: world
  x: 2742.5
  y: 73.0
  z: -2931.5
  yaw: -159.86406
  pitch: 46.199997
lastlocation:
  world: world
  x: 68.35568322209402
  y: 64.0
  z: -11.455260761797572
  yaw: -57.483906
  pitch: 31.949919
afk: false
