lastAccountName: Kata
timestamps:
  login: 1627157365960
  logout: 1627154819115
  lastteleport: 1627157588975
ipAddress: 88.101.39.37
homes:
  k:
    world: world_1.17_nether
    x: 200.69683827115074
    y: 106.0
    z: -217.30000001192093
    yaw: 12.9552
    pitch: 17.399645
  a:
    world: world_1.17
    x: 730.650868154886
    y: 84.0
    z: 946.0403452685587
    yaw: -104.4032
    pitch: 24.899841
  s:
    world: world_1.17
    x: 112.3984161962048
    y: 67.0
    z: -13.405582949394226
    yaw: -30.53125
    pitch: 32.549942
logoutlocation:
  world: world_1.17
  x: 732.1152839091184
  y: 84.0
  z: 946.5799440990163
  yaw: 101.24677
  pitch: 28.049822
lastlocation:
  world: world_1.17
  x: 730.7146297149164
  y: 84.0
  z: 947.102907545563
  yaw: -35.403145
  pitch: 9.44991
afk: false
