lastAccountName: Kata
timestamps:
  login: 1628177567693
  logout: 1628112812589
  lastteleport: 1628179772950
ipAddress: 88.101.39.37
homes:
  k:
    world: world_1.17
    x: 646.2721604180555
    y: 64.0
    z: 870.5999726298281
    yaw: -62.404755
    pitch: 17.700102
  a:
    world: world_1.17
    x: 732.14444811109
    y: 84.0
    z: 947.2511512425637
    yaw: 171.7467
    pitch: 8.399881
  s:
    world: world_1.17
    x: 797.0151821333991
    y: 69.0
    z: 924.2466694174117
    yaw: 121.03134
    pitch: 20.400408
logoutlocation:
  world: world_1.17
  x: 797.0151821333991
  y: 69.0
  z: 924.2466694174117
  yaw: 121.03134
  pitch: 20.400408
lastlocation:
  world: world_1.17_nether
  x: 103.69999998807907
  y: 109.0
  z: 102.30000001192093
  yaw: 114.73162
  pitch: 6.7504053
afk: false
