lastAccountName: Kata
timestamps:
  login: 1627412046957
  logout: 1627249525918
  lastteleport: 1627249513613
ipAddress: 88.101.39.37
homes:
  k:
    world: world_1.17
    x: 691.9237166676711
    y: 58.0
    z: 908.0208565756143
    yaw: -150.0097
    pitch: 30.74984
  a:
    world: world_1.17
    x: 730.650868154886
    y: 84.0
    z: 946.0403452685587
    yaw: -104.4032
    pitch: 24.899841
  s:
    world: world_1.17
    x: 112.3984161962048
    y: 67.0
    z: -13.405582949394226
    yaw: -30.53125
    pitch: 32.549942
logoutlocation:
  world: world_1.17
  x: 730.5
  y: 84.0
  z: 948.5
  yaw: 110.24999
  pitch: 12.900001
lastlocation:
  world: world_1.17
  x: 824.1514565232044
  y: 71.0
  z: 920.7971098402767
  yaw: 57.896675
  pitch: 26.099789
afk: true
