lastAccountName: Kata
timestamps:
  login: 1609003365445
  logout: 1609000528489
  lastteleport: 1609007091568
ipAddress: 176.12.115.205
homes:
  k:
    world: world
    x: 2804.5
    y: 73.0
    z: -4177.5
    yaw: -295.18854
    pitch: 18.450308
  a:
    world: world
    x: 2742.709479462204
    y: 73.0
    z: -2931.893014587854
    yaw: -111.714005
    pitch: 9.150025
  xp:
    world: world_the_end
    x: 50.28966717572097
    y: 1.0
    z: -298.23750524391494
    yaw: 74.55206
    pitch: 18.749826
logoutlocation:
  world: world
  x: 73.00196392494058
  y: 65.0
  z: 10.264164250738453
  yaw: 346.79318
  pitch: -2.2835284E-4
lastlocation:
  world: world
  x: 71.9810299971694
  y: 64.0
  z: 3.1313865301701918
  yaw: -174.03383
  pitch: 22.34994
afk: false
