timestamps:
  login: 1645868936683
  logout: 1645818140791
  lastteleport: 1645876969692
  lastheal: 0
  mute: 0
  jail: 0
  onlinejail: 0
homes:
  k:
    world: 5e52e54b-69fd-4280-ae27-5dabf3e709a5
    x: 5614.994539613851
    y: 12.0
    z: 3842.3830877544224
    yaw: 46.023555755615234
    pitch: 26.999942779541016
    world-name: world_1.17
  a:
    world: 5e52e54b-69fd-4280-ae27-5dabf3e709a5
    x: 798.4410920543146
    y: 69.0625
    z: 939.4015179670437
    yaw: 1.197509765625
    pitch: 12.149842262268066
    world-name: world_1.17
  s:
    world: 5e52e54b-69fd-4280-ae27-5dabf3e709a5
    x: 794.8000024567395
    y: 11.0
    z: 861.3592593859594
    yaw: 88.20245361328125
    pitch: 19.499879837036133
    world-name: world_1.17
logoutlocation:
  world: 5e52e54b-69fd-4280-ae27-5dabf3e709a5
  x: 788.5
  y: 70.875
  z: 929.5
  yaw: 43.05002975463867
  pitch: 6.600009918212891
  world-name: world_1.17
lastlocation:
  world: 5e52e54b-69fd-4280-ae27-5dabf3e709a5
  x: 807.168734985081
  y: 69.0
  z: 935.4367481289456
  yaw: 128.09750366210938
  pitch: -1.6501832008361816
  world-name: world_1.17
afk: false
ip-address: 88.101.39.37
last-account-name: Kata
teleportenabled: true
teleportauto: false
godmode: false
muted: false
jailed: false
socialspy: false
npc: false
powertoolsenabled: true
accepting-pay: true
baltop-exempt: false
money: '0'
