lastAccountName: Kata
timestamps:
  login: 1606597886775
  logout: 1606601873797
  lastteleport: 1606601381743
ipAddress: 88.101.39.37
homes:
  k:
    world: world
    x: -324.2489512799197
    y: 66.0
    z: -592.9585448016657
    yaw: -24.694702
    pitch: 28.800053
  a:
    world: world
    x: 78.76277571641093
    y: 64.0
    z: -17.84332713303572
    yaw: 188.4436
    pitch: 24.600245
  xp:
    world: world_the_end
    x: 50.28966717572097
    y: 1.0
    z: -298.23750524391494
    yaw: 74.55206
    pitch: 18.749826
logoutlocation:
  world: world
  x: 91.11479345760466
  y: 63.0
  z: -2.1908514296599657
  yaw: 137.07791
  pitch: 26.69995
lastlocation:
  world: world
  x: 150.63708708743118
  y: 70.5
  z: 208.55499600339397
  yaw: 193.5315
  pitch: -1.0497218
