timestamps:
  login: 1645971019981
  logout: 1645990614229
  lastteleport: 1645986723950
  lastheal: 0
  mute: 0
  jail: 0
  onlinejail: 0
homes:
  k:
    world: 5e52e54b-69fd-4280-ae27-5dabf3e709a5
    x: 3179.3701535524046
    y: -58.0
    z: 672.2286861105049
    yaw: 113.1851806640625
    pitch: 22.350385665893555
    world-name: world_1.17
  a:
    world: 5e52e54b-69fd-4280-ae27-5dabf3e709a5
    x: 787.5847989215431
    y: 70.0
    z: 931.9606608170587
    yaw: -59.69997787475586
    pitch: 9.600010871887207
    world-name: world_1.17
  s:
    world: 5e52e54b-69fd-4280-ae27-5dabf3e709a5
    x: 4155.956569427729
    y: 68.0
    z: 1062.1650346493273
    yaw: 59.29216766357422
    pitch: 21.59967613220215
    world-name: world_1.17
logoutlocation:
  world: 5e52e54b-69fd-4280-ae27-5dabf3e709a5
  x: 802.7912512484658
  y: 69.0
  z: 911.2568271003687
  yaw: 13.80169677734375
  pitch: -9.000402450561523
  world-name: world_1.17
lastlocation:
  world: 5e52e54b-69fd-4280-ae27-5dabf3e709a5
  x: 3231.4049399840974
  y: -58.0
  z: 647.3000000119209
  yaw: 179.16412353515625
  pitch: 0.7498712539672852
  world-name: world_1.17
afk: false
ip-address: 88.101.39.37
last-account-name: Kata
teleportenabled: true
teleportauto: false
godmode: false
muted: false
jailed: false
socialspy: false
npc: false
powertoolsenabled: true
accepting-pay: true
baltop-exempt: false
money: '0'
