lastAccountName: Kata
timestamps:
  login: 1607282005525
  logout: 1607281637072
  lastteleport: 1607282038560
ipAddress: 88.101.39.37
homes:
  k:
    world: world
    x: -324.2489512799197
    y: 66.0
    z: -592.9585448016657
    yaw: -24.694702
    pitch: 28.800053
  a:
    world: world
    x: 78.76277571641093
    y: 64.0
    z: -17.84332713303572
    yaw: 188.4436
    pitch: 24.600245
  xp:
    world: world_the_end
    x: 50.28966717572097
    y: 1.0
    z: -298.23750524391494
    yaw: 74.55206
    pitch: 18.749826
logoutlocation:
  world: world
  x: 84.02916883688053
  y: 64.0
  z: -6.901363877544014
  yaw: -173.65352
  pitch: 1.8003979
lastlocation:
  world: world
  x: 79.36007341687073
  y: 64.0
  z: -18.316627072335184
  yaw: -64.603714
  pitch: 5.7003965
afk: false
