lastAccountName: Kata
timestamps:
  login: 1628009111058
  logout: 1628025539482
  lastteleport: 1628024821432
ipAddress: 88.101.39.37
homes:
  k:
    world: world_1.17
    x: 646.2721604180555
    y: 64.0
    z: 870.5999726298281
    yaw: -62.404755
    pitch: 17.700102
  a:
    world: world_1.17
    x: 732.14444811109
    y: 84.0
    z: 947.2511512425637
    yaw: 171.7467
    pitch: 8.399881
  s:
    world: world_1.17
    x: 540.9316578966152
    y: 66.0
    z: 1225.6289941875386
    yaw: -170.25433
    pitch: 22.649508
logoutlocation:
  world: world_1.17
  x: 796.772864165255
  y: 70.0
  z: 929.4341902168514
  yaw: 18.412964
  pitch: 31.950226
lastlocation:
  world: world_1.17
  x: 538.5932931458544
  y: 60.0
  z: 1221.237500011921
  yaw: 175.49591
  pitch: 1.9499727
afk: false
