lastAccountName: Kata
timestamps:
  login: 1608995781860
  logout: 1608990021243
  lastteleport: 1608996684523
ipAddress: 176.12.115.205
homes:
  k:
    world: world
    x: 2804.5
    y: 73.0
    z: -4177.5
    yaw: -295.18854
    pitch: 18.450308
  a:
    world: world
    x: 2742.709479462204
    y: 73.0
    z: -2931.893014587854
    yaw: -111.714005
    pitch: 9.150025
  xp:
    world: world_the_end
    x: 50.28966717572097
    y: 1.0
    z: -298.23750524391494
    yaw: 74.55206
    pitch: 18.749826
logoutlocation:
  world: world
  x: 3752.9627995908254
  y: 62.07326402707853
  z: -2031.015606216245
  yaw: 47.643757
  pitch: 23.850544
lastlocation:
  world: world
  x: 2720.33129237945
  y: 64.0
  z: -2947.300000011921
  yaw: -41.512947
  pitch: 45.89999
afk: false
