lastAccountName: Kata
timestamps:
  login: 1607368103815
  logout: 1607377352312
  lastteleport: 1607377141066
ipAddress: 88.101.39.37
homes:
  k:
    world: world
    x: -324.2489512799197
    y: 66.0
    z: -592.9585448016657
    yaw: -24.694702
    pitch: 28.800053
  a:
    world: world
    x: 78.76277571641093
    y: 64.0
    z: -17.84332713303572
    yaw: 188.4436
    pitch: 24.600245
  xp:
    world: world_the_end
    x: 50.28966717572097
    y: 1.0
    z: -298.23750524391494
    yaw: 74.55206
    pitch: 18.749826
logoutlocation:
  world: world
  x: 77.44839678129658
  y: 64.0
  z: -11.277851315086366
  yaw: 132.49524
  pitch: 4.6502175
lastlocation:
  world: world
  x: -324.5
  y: 66.0
  z: -592.5
  yaw: -114.6947
  pitch: 23.250067
afk: false
