lastAccountName: Kata
timestamps:
  login: 1609277657094
  logout: 1609284473589
  lastteleport: 1609284410320
ipAddress: 88.101.39.37
homes:
  k:
    world: world
    x: 2952.018116059559
    y: 64.0
    z: -6178.634429169461
    yaw: -89.65023
    pitch: 18.900364
  a:
    world: world
    x: 2742.709479462204
    y: 73.0
    z: -2931.893014587854
    yaw: -111.714005
    pitch: 9.150025
  xp:
    world: world_the_end
    x: 50.28966717572097
    y: 1.0
    z: -298.23750524391494
    yaw: 74.55206
    pitch: 18.749826
logoutlocation:
  world: world
  x: 2950.803430271303
  y: 64.0
  z: -6178.520911615654
  yaw: -194.64801
  pitch: 9.750359
lastlocation:
  world: world
  x: 2982.3526864648225
  y: 16.575345559490394
  z: -6162.268636003683
  yaw: -129.82263
  pitch: 4.4997387
afk: false
