lastAccountName: Kata
timestamps:
  login: 1626978742684
  logout: 1626985281264
  lastteleport: 1626984313193
ipAddress: 88.101.39.37
homes:
  k:
    world: world_1.17
    x: 969.3000000119209
    y: 61.0
    z: 1146.5072924745257
    yaw: -156.41321
    pitch: -12.600131
  a:
    world: world_1.17
    x: 730.650868154886
    y: 84.0
    z: 946.0403452685587
    yaw: -104.4032
    pitch: 24.899841
  s:
    world: world_1.17
    x: 112.3984161962048
    y: 67.0
    z: -13.405582949394226
    yaw: -30.53125
    pitch: 32.549942
logoutlocation:
  world: world_1.17
  x: 719.4793691208322
  y: 63.0
  z: 924.0510282260276
  yaw: 79.55087
  pitch: 15.450396
lastlocation:
  world: world_1.17
  x: 731.7216503709125
  y: 84.0
  z: 946.0963238698387
  yaw: -136.65321
  pitch: 33.299824
afk: false
