lastAccountName: Kata
timestamps:
  login: 1627151765749
  logout: 1627151711566
  lastteleport: 1627153583851
ipAddress: 88.101.39.37
homes:
  k:
    world: world_1.17_nether
    x: 96.69999998807907
    y: 77.0
    z: -207.4218430233105
    yaw: 84.69934
    pitch: 25.66867
  a:
    world: world_1.17
    x: 730.650868154886
    y: 84.0
    z: 946.0403452685587
    yaw: -104.4032
    pitch: 24.899841
  s:
    world: world_1.17
    x: 112.3984161962048
    y: 67.0
    z: -13.405582949394226
    yaw: -30.53125
    pitch: 32.549942
logoutlocation:
  world: world_1.17
  x: 732.9273393766915
  y: 84.0
  z: 946.7863892623786
  yaw: -69.60317
  pitch: 14.399885
lastlocation:
  world: world_1.17
  x: 730.5
  y: 84.0
  z: 946.5
  yaw: -109.2032
  pitch: 24.449842
afk: false
