lastAccountName: Kata
timestamps:
  login: 1628622050157
  logout: 1628622004820
  lastteleport: 1628621960583
ipAddress: 88.101.39.37
homes:
  k:
    world: world_1.17
    x: 646.2721604180555
    y: 64.0
    z: 870.5999726298281
    yaw: -62.404755
    pitch: 17.700102
  a:
    world: world_1.17
    x: 732.14444811109
    y: 84.0
    z: 947.2511512425637
    yaw: 171.7467
    pitch: 8.399881
  s:
    world: world_1.17
    x: 797.0151821333991
    y: 69.0
    z: 924.2466694174117
    yaw: 121.03134
    pitch: 20.400408
logoutlocation:
  world: world_1.17
  x: 813.8787224717105
  y: 69.0
  z: 939.4980903219777
  yaw: 79.48099
  pitch: 34.80039
lastlocation:
  world: world_1.17
  x: 646.8184107063647
  y: 64.0
  z: 868.8946852923505
  yaw: 74.24521
  pitch: 3.0000732
afk: false
