lastAccountName: Kata
timestamps:
  login: 1610917264641
  logout: 1610920648108
  lastteleport: 1610919696934
ipAddress: 88.101.39.37
homes:
  k:
    world: world
    x: 2952.018116059559
    y: 64.0
    z: -6178.634429169461
    yaw: -89.65023
    pitch: 18.900364
  a:
    world: world
    x: 2742.709479462204
    y: 73.0
    z: -2931.893014587854
    yaw: -111.714005
    pitch: 9.150025
  xp:
    world: world_the_end
    x: 50.28966717572097
    y: 1.0
    z: -298.23750524391494
    yaw: 74.55206
    pitch: 18.749826
logoutlocation:
  world: world
  x: 82.94353780959733
  y: 68.0
  z: -1.9237358490718128
  yaw: 266.36536
  pitch: 7.2002277
lastlocation:
  world: world
  x: -134.71542607265107
  y: 70.0
  z: 42.26639558966609
  yaw: 94.75178
  pitch: 16.200048
afk: false
