lastAccountName: Kata
timestamps:
  login: 1607449607165
  logout: 1607452486862
  lastteleport: 1607450893423
ipAddress: 88.101.39.37
homes:
  k:
    world: world
    x: -324.2489512799197
    y: 66.0
    z: -592.9585448016657
    yaw: -24.694702
    pitch: 28.800053
  a:
    world: world
    x: 78.76277571641093
    y: 64.0
    z: -17.84332713303572
    yaw: 188.4436
    pitch: 24.600245
  xp:
    world: world_the_end
    x: 50.28966717572097
    y: 1.0
    z: -298.23750524391494
    yaw: 74.55206
    pitch: 18.749826
logoutlocation:
  world: world
  x: -317.4208943110757
  y: 16.0
  z: -745.8470893512299
  yaw: -268.76498
  pitch: 18.000278
lastlocation:
  world: world
  x: -436.46520061921285
  y: 12.0
  z: -509.5198027326935
  yaw: 82.98901
  pitch: 6.9001265
afk: false
