lastAccountName: Kata
timestamps:
  login: 1628009111058
  logout: 1627937751682
  lastteleport: 1627937705093
ipAddress: 88.101.39.37
homes:
  k:
    world: world_1.17
    x: 646.2721604180555
    y: 64.0
    z: 870.5999726298281
    yaw: -62.404755
    pitch: 17.700102
  a:
    world: world_1.17
    x: 732.14444811109
    y: 84.0
    z: 947.2511512425637
    yaw: 171.7467
    pitch: 8.399881
  s:
    world: world_1.17
    x: 630.2072661863031
    y: 7.0
    z: 1320.4128505470812
    yaw: -81.60501
    pitch: 6.449666
logoutlocation:
  world: world_1.17
  x: 647.4029333688001
  y: 64.0
  z: 871.1604246618379
  yaw: -19.354763
  pitch: 9.899938
lastlocation:
  world: world_1.17
  x: 649.0868119638571
  y: 93.0
  z: 871.3054819419568
  yaw: 139.34444
  pitch: 30.600101
afk: true
