lastAccountName: Kata
timestamps:
  login: 1626890109668
  logout: 1626895260107
  lastteleport: 1626895214193
ipAddress: 88.101.39.37
homes:
  k:
    world: world_1.17
    x: -350.384096467922
    y: 64.0
    z: -1369.6373503316859
    yaw: 136.62389
    pitch: 25.199884
  a:
    world: world_1.17
    x: 730.650868154886
    y: 84.0
    z: 946.0403452685587
    yaw: -104.4032
    pitch: 24.899841
  f:
    world: world_1.17
    x: 434.2276029735004
    y: 71.0
    z: 887.1041158078775
    yaw: 124.80678
    pitch: 26.100267
logoutlocation:
  world: world_1.17
  x: 732.9584951293726
  y: 84.0
  z: 947.0107009533045
  yaw: -106.653336
  pitch: 26.999918
lastlocation:
  world: world_1.17
  x: 610.3284366863298
  y: 62.0
  z: 1100.5651804100237
  yaw: -101.84894
  pitch: 21.149784
afk: false
