lastAccountName: Kata
timestamps:
  login: 1606672782950
  logout: 1606679205501
  lastteleport: 1606679133976
ipAddress: 88.101.39.37
homes:
  k:
    world: world
    x: -324.2489512799197
    y: 66.0
    z: -592.9585448016657
    yaw: -24.694702
    pitch: 28.800053
  a:
    world: world
    x: 78.76277571641093
    y: 64.0
    z: -17.84332713303572
    yaw: 188.4436
    pitch: 24.600245
  xp:
    world: world_the_end
    x: 50.28966717572097
    y: 1.0
    z: -298.23750524391494
    yaw: 74.55206
    pitch: 18.749826
logoutlocation:
  world: world
  x: 77.98862827656909
  y: 64.0
  z: -10.27920922879194
  yaw: 274.8444
  pitch: 7.350267
lastlocation:
  world: world
  x: 174.46814280594288
  y: 68.0
  z: -19.289759518170857
  yaw: -7.951079
  pitch: 2.2500398
