timestamps:
  login: 1645882902860
  logout: 1645885109273
  lastteleport: 1645885095535
  lastheal: 0
  mute: 0
  jail: 0
  onlinejail: 0
homes:
  k:
    world: 5e52e54b-69fd-4280-ae27-5dabf3e709a5
    x: 5591.195309707662
    y: -20.0
    z: 3880.8945044942125
    yaw: -128.0268096923828
    pitch: 3.6020383834838867
    world-name: world_1.17
  a:
    world: 5e52e54b-69fd-4280-ae27-5dabf3e709a5
    x: 798.4410920543146
    y: 69.0625
    z: 939.4015179670437
    yaw: 1.197509765625
    pitch: 12.149842262268066
    world-name: world_1.17
  s:
    world: 5e52e54b-69fd-4280-ae27-5dabf3e709a5
    x: 794.8000024567395
    y: 11.0
    z: 861.3592593859594
    yaw: 88.20245361328125
    pitch: 19.499879837036133
    world-name: world_1.17
logoutlocation:
  world: 5e52e54b-69fd-4280-ae27-5dabf3e709a5
  x: 795.2524289867101
  y: 69.0625
  z: 938.3974210622366
  yaw: 119.39762878417969
  pitch: 9.899852752685547
  world-name: world_1.17
lastlocation:
  world: 5e52e54b-69fd-4280-ae27-5dabf3e709a5
  x: 5676.283141161499
  y: -20.0
  z: 3742.0092532255676
  yaw: -38.62860107421875
  pitch: -8.097272872924805
  world-name: world_1.17
afk: false
ip-address: 88.101.39.37
last-account-name: Kata
teleportenabled: true
teleportauto: false
godmode: false
muted: false
jailed: false
socialspy: false
npc: false
powertoolsenabled: true
accepting-pay: true
baltop-exempt: false
money: '0'
