lastAccountName: Kata
timestamps:
  login: 1606753350750
  logout: 1606754909790
  lastteleport: 1606685657411
ipAddress: 88.101.39.37
homes:
  k:
    world: world
    x: -324.2489512799197
    y: 66.0
    z: -592.9585448016657
    yaw: -24.694702
    pitch: 28.800053
  a:
    world: world
    x: 78.76277571641093
    y: 64.0
    z: -17.84332713303572
    yaw: 188.4436
    pitch: 24.600245
  xp:
    world: world_the_end
    x: 50.28966717572097
    y: 1.0
    z: -298.23750524391494
    yaw: 74.55206
    pitch: 18.749826
logoutlocation:
  world: world
  x: 85.27842793630262
  y: 64.0
  z: -10.312876692524755
  yaw: -156.75055
  pitch: 42.15002
lastlocation:
  world: world
  x: 274.7318971261744
  y: 62.0
  z: 250.69999998807907
  yaw: -26.276945
  pitch: 11.250122
