lastAccountName: skacekamen
timestamps:
  login: 1603380693523
  logout: 1603381091121
  lastteleport: 1603381058660
ipAddress: 88.101.39.37
logoutlocation:
  world: world
  x: 30.843596124450748
  y: 62.073264977579974
  z: -49.626377078737036
  yaw: 151.08127
  pitch: 7.349341
lastlocation:
  world: world
  x: 221.8254201117966
  y: 12.0
  z: 231.60722743085756
  yaw: -276.00342
  pitch: 11.100301
