lastAccountName: Honza2
timestamps:
  login: 1643231036487
  lastteleport: 1643235652910
  logout: 1643235709174
ipAddress: 213.151.77.246
lastlocation:
  world: world_1.17_nether
  x: 430.444633323485
  y: 58.0
  z: -114.9202554014136
  yaw: 32.35791
  pitch: 14.250876
homes:
  home:
    world: world_1.17
    x: -1403.383568417799
    y: 57.0
    z: 781.4392731520517
    yaw: 90.26035
    pitch: 29.100143
  a1:
    world: world_1.17_nether
    x: -72.37305548363614
    y: 34.0
    z: 128.39080435497752
    yaw: -52.537994
    pitch: 34.501583
  net:
    world: world_1.17_nether
    x: 395.30000001192093
    y: 58.0
    z: -103.69999998807907
    yaw: -10.692688
    pitch: 21.60071
logoutlocation:
  world: world_1.17
  x: -1394.1525486950504
  y: 56.5625
  z: 757.4369000415037
  yaw: 164.05994
  pitch: 23.850136
afk: false
