lastAccountName: Honza2
timestamps:
  login: 1641472252084
  lastteleport: 1641474697989
  logout: 1641407264285
ipAddress: 213.151.77.246
lastlocation:
  world: world_1.17
  x: -1379.0148071551687
  y: 74.0
  z: 719.1944710865645
  yaw: -91.54001
  pitch: 0.0015313476
homes:
  home:
    world: world_1.17
    x: -1398.7846849451983
    y: 65.0
    z: 772.9680000166946
    yaw: -22.089388
    pitch: 12.750098
  a1:
    world: world_1.17
    x: -1370.793678278044
    y: 79.0
    z: 721.5382026163827
    yaw: 134.06021
    pitch: 41.10117
  a2:
    world: world_1.17
    x: -1380.9032772434425
    y: 62.0
    z: 802.874358233971
    yaw: -175.71558
    pitch: 27.452467
logoutlocation:
  world: world_1.17
  x: -1394.5802574162356
  y: 56.0
  z: 758.8614254202336
  yaw: -122.138565
  pitch: 42.300003
afk: false
