lastAccountName: Honza2
timestamps:
  login: 1640876374273
  lastteleport: 1640878403195
  logout: 1640875396235
ipAddress: 78.80.46.201
lastlocation:
  world: world_1.17
  x: -1368.6805970556882
  y: 74.5625
  z: 720.5408750957226
  yaw: 4.3238773
  pitch: 40.349876
homes:
  home:
    world: world_1.17
    x: -616.2798045520923
    y: 64.0
    z: 733.7605024665985
    yaw: -149.47144
    pitch: 27.601849
  les:
    world: world_1.17
    x: -1398.665406228013
    y: 65.0
    z: 774.1486773354758
    yaw: 156.72363
    pitch: 25.199892
  dul:
    world: world_1.17
    x: -1371.4721572926805
    y: 76.5
    z: 722.0265848556471
    yaw: -28.226166
    pitch: 36.899803
logoutlocation:
  world: world_1.17
  x: -1401.3912645341534
  y: 58.0
  z: 761.0018092959783
  yaw: -97.97623
  pitch: 15.449938
afk: false
