lastAccountName: Honza2
timestamps:
  login: 1642606374267
  lastteleport: 1642611504531
  logout: 1642593425896
ipAddress: 213.151.77.246
lastlocation:
  world: world_1.17
  x: -1368.6989764965122
  y: 29.875
  z: 720.3082941326733
  yaw: -29.890545
  pitch: 40.49973
homes:
  home:
    world: world_1.17
    x: -1403.383568417799
    y: 57.0
    z: 781.4392731520517
    yaw: 90.26035
    pitch: 29.100143
  a1:
    world: world_1.17
    x: -1481.788708177983
    y: 71.0
    z: 289.4502298079547
    yaw: -76.80957
    pitch: 16.050165
  net:
    world: world_1.17_nether
    x: 132.50448402074852
    y: 54.0
    z: -96.73177557987435
    yaw: -86.29964
    pitch: 8.699868
logoutlocation:
  world: world_1.17
  x: -1399.1185064706651
  y: 67.0
  z: 754.5483517353315
  yaw: -35.741486
  pitch: 13.050693
afk: false
