lastAccountName: Honza2
timestamps:
  login: 1642622197775
  lastteleport: 1642625570210
  logout: 1642615115440
ipAddress: 213.151.77.246
lastlocation:
  world: world_1.17
  x: -1422.9973411411836
  y: 60.0
  z: 752.1202998827976
  yaw: -144.03522
  pitch: 35.24998
homes:
  home:
    world: world_1.17
    x: -1403.383568417799
    y: 57.0
    z: 781.4392731520517
    yaw: 90.26035
    pitch: 29.100143
  a1:
    world: world_1.17
    x: -1379.5931929573549
    y: 84.0
    z: 798.8286802293832
    yaw: 96.71066
    pitch: 28.350756
  net:
    world: world_1.17
    x: 865.4780277330293
    y: 74.0
    z: 1841.6663207610638
    yaw: 22.651222
    pitch: 22.500204
logoutlocation:
  world: world_1.17
  x: -1414.4556817306986
  y: 58.0
  z: 753.813533896715
  yaw: 158.36218
  pitch: 9.450241
afk: false
