lastAccountName: Honza2
timestamps:
  login: 1641135341177
  lastteleport: 1641150577863
  logout: 1641129548051
ipAddress: 213.151.77.246
lastlocation:
  world: world_1.17
  x: -1368.301662996247
  y: 29.875
  z: 720.95784125289
  yaw: -85.23809
  pitch: 60.150616
homes:
  home:
    world: world_1.17
    x: -1398.7846849451983
    y: 65.0
    z: 772.9680000166946
    yaw: -22.089388
    pitch: 12.750098
  a1:
    world: world_1.17
    x: -1380.3881816718058
    y: 79.0
    z: 801.9517467553175
    yaw: 84.705444
    pitch: 7.200433
logoutlocation:
  world: world_1.17
  x: -1407.5920368878915
  y: 66.0
  z: 785.4933505465166
  yaw: 167.2248
  pitch: 14.999896
afk: false
