lastAccountName: Honza2
timestamps:
  login: 1642758214681
  lastteleport: 1642762852649
  logout: 1642763604647
ipAddress: 213.151.77.246
lastlocation:
  world: world_1.17
  x: -1401.3487961115914
  y: 73.0
  z: 746.4570552775855
  yaw: -119.88652
  pitch: 59.400234
homes:
  home:
    world: world_1.17
    x: -1403.383568417799
    y: 57.0
    z: 781.4392731520517
    yaw: 90.26035
    pitch: 29.100143
  a1:
    world: world_1.17_nether
    x: -72.37305548363614
    y: 34.0
    z: 128.39080435497752
    yaw: -52.537994
    pitch: 34.501583
  net:
    world: world_1.17
    x: 589.4112223884041
    y: 65.0
    z: 2077.6523899557715
    yaw: 80.990295
    pitch: 26.700443
logoutlocation:
  world: world_1.17
  x: -1425.3461069679843
  y: 58.0
  z: 755.4127766759949
  yaw: 178.49854
  pitch: 16.952076
afk: false
