lastAccountName: Honza2
timestamps:
  login: 1643900821737
  lastteleport: 1643905699211
  logout: 1643905710115
ipAddress: 213.151.77.246
lastlocation:
  world: world_1.17
  x: -1368.530517379865
  y: 29.875
  z: 720.9194405973137
  yaw: -70.99011
  pitch: 51.900787
homes:
  home:
    world: world_1.17
    x: -1402.7171091054984
    y: 57.0
    z: 782.1901543045643
    yaw: 11.510256
    pitch: 15.9002075
  a1:
    world: world_1.17_the_end
    x: 2577.5
    y: 135.0
    z: -623.5
    yaw: -33.996857
    pitch: -22.650002
  net:
    world: world_1.17
    x: -2941.421510115225
    y: 69.0
    z: 152.58444618163054
    yaw: 137.98969
    pitch: 4.80043
logoutlocation:
  world: world_1.17
  x: -1402.406341829589
  y: 57.0
  z: 786.5439385782829
  yaw: -156.33957
  pitch: -13.64978
afk: false
