lastAccountName: Honza2
timestamps:
  login: 1643983871990
  lastteleport: 1643987587062
  logout: 1643987600673
ipAddress: 213.151.77.246
lastlocation:
  world: world_1.17
  x: -181.28135274603494
  y: 22.0
  z: -711.4630614053442
  yaw: -15.030334
  pitch: -7.0460186
homes:
  home:
    world: world_1.17
    x: -1402.7171091054984
    y: 57.0
    z: 782.1901543045643
    yaw: 11.510256
    pitch: 15.9002075
  a1:
    world: world_1.17_the_end
    x: 2577.5
    y: 135.0
    z: -623.5
    yaw: -33.996857
    pitch: -22.650002
  net:
    world: world_1.17
    x: -2941.421510115225
    y: 69.0
    z: 152.58444618163054
    yaw: 137.98969
    pitch: 4.80043
logoutlocation:
  world: world_1.17
  x: -1402.5989039818867
  y: 57.0
  z: 784.1833613327183
  yaw: -103.23981
  pitch: -15.299792
afk: false
