lastAccountName: Honza2
timestamps:
  login: 1641551270833
  lastteleport: 1641564207603
  logout: 1641510755403
ipAddress: 213.151.77.246
lastlocation:
  world: world_1.17
  x: -1347.852703351404
  y: 77.0
  z: 700.3984136194612
  yaw: 62.099365
  pitch: 34.950325
homes:
  home:
    world: world_1.17
    x: -1398.7846849451983
    y: 65.0
    z: 772.9680000166946
    yaw: -22.089388
    pitch: 12.750098
  a1:
    world: world_1.17
    x: -1445.8296839852778
    y: 77.0
    z: 713.605540050935
    yaw: -11.701324
    pitch: 12.302249
  net:
    world: world_1.17_nether
    x: 132.50448402074852
    y: 54.0
    z: -96.73177557987435
    yaw: -86.29964
    pitch: 8.699868
logoutlocation:
  world: world_1.17
  x: -1400.4698494998531
  y: 65.0
  z: 775.0635570603265
  yaw: 43.45862
  pitch: 10.650121
afk: false
