lastAccountName: Honza2
timestamps:
  login: 1642170475339
  lastteleport: 1642176162998
  logout: 1642104787693
ipAddress: 213.151.77.246
lastlocation:
  world: world_1.17
  x: -1366.674097838466
  y: 28.0
  z: 719.3032471623642
  yaw: 82.95007
  pitch: 32.699932
homes:
  home:
    world: world_1.17
    x: -1398.7846849451983
    y: 65.0
    z: 772.9680000166946
    yaw: -22.089388
    pitch: 12.750098
  a1:
    world: world_1.17
    x: -1370.273335675033
    y: 75.0
    z: 728.1273108331839
    yaw: 131.20694
    pitch: 58.350285
  net:
    world: world_1.17_nether
    x: 132.50448402074852
    y: 54.0
    z: -96.73177557987435
    yaw: -86.29964
    pitch: 8.699868
logoutlocation:
  world: world_1.17
  x: -1393.7922855851978
  y: 56.5625
  z: 756.8547111493535
  yaw: -75.21777
  pitch: 11.100407
afk: false
