lastAccountName: Honza2
timestamps:
  login: 1640781225301
  lastteleport: 1640781869686
  logout: 1640782033281
ipAddress: 78.80.46.201
lastlocation:
  world: world_1.17
  x: -1413.300000011921
  y: 28.0
  z: 787.6704862844308
  yaw: 63.276855
  pitch: -6.449573
homes:
  home:
    world: world_1.17
    x: -616.2798045520923
    y: 64.0
    z: 733.7605024665985
    yaw: -149.47144
    pitch: 27.601849
  les:
    world: world_1.17
    x: -1398.665406228013
    y: 65.0
    z: 774.1486773354758
    yaw: 156.72363
    pitch: 25.199892
  dul:
    world: world_1.17_nether
    x: -304.8523376985445
    y: 39.0
    z: 40.84443440860721
    yaw: 127.64728
    pitch: 20.250362
logoutlocation:
  world: world_1.17
  x: -1398.1365200825383
  y: 61.0
  z: 752.0794617448308
  yaw: -167.5773
  pitch: 23.55039
afk: false
