lastAccountName: Honza2
timestamps:
  login: 1641204476926
  lastteleport: 1641206817885
  logout: 1641206894087
ipAddress: 213.151.77.246
lastlocation:
  world: world_1.17
  x: -1366.9233572771213
  y: 28.0
  z: 719.0846409096898
  yaw: 8.060685
  pitch: 23.09999
homes:
  home:
    world: world_1.17
    x: -1398.7846849451983
    y: 65.0
    z: 772.9680000166946
    yaw: -22.089388
    pitch: 12.750098
  a1:
    world: world_1.17
    x: -1380.3881816718058
    y: 79.0
    z: 801.9517467553175
    yaw: 84.705444
    pitch: 7.200433
  a2:
    world: world_1.17
    x: -1366.7416019599957
    y: 28.0
    z: 718.6991925712584
    yaw: 32.810665
    pitch: -17.100002
logoutlocation:
  world: world_1.17
  x: -1394.8046633204535
  y: 65.0
  z: 778.2781385098245
  yaw: 165.11043
  pitch: 2.7001607
afk: false
