lastAccountName: Honza2
timestamps:
  login: 1642088817079
  lastteleport: 1642094087649
  logout: 1642094108191
ipAddress: 213.151.77.246
lastlocation:
  world: world_1.17
  x: -1455.6530614658814
  y: 69.0
  z: 784.1978716969983
  yaw: -78.479164
  pitch: 21.300947
homes:
  home:
    world: world_1.17
    x: -1398.7846849451983
    y: 65.0
    z: 772.9680000166946
    yaw: -22.089388
    pitch: 12.750098
  a1:
    world: world_1.17
    x: -1445.8296839852778
    y: 77.0
    z: 713.605540050935
    yaw: -11.701324
    pitch: 12.302249
  net:
    world: world_1.17_nether
    x: 132.50448402074852
    y: 54.0
    z: -96.73177557987435
    yaw: -86.29964
    pitch: 8.699868
logoutlocation:
  world: world_1.17
  x: -1397.945442617306
  y: 65.0
  z: 780.0725219103136
  yaw: 14.810303
  pitch: 5.5501714
afk: false
