lastAccountName: Honza2
timestamps:
  login: 1642578757655
  lastteleport: 1642583580494
  logout: 1642585954144
ipAddress: 213.151.77.246
lastlocation:
  world: world_1.17
  x: -1399.882410614755
  y: 61.0
  z: 752.5408113689169
  yaw: -62.59149
  pitch: 14.100172
homes:
  home:
    world: world_1.17
    x: -1403.383568417799
    y: 57.0
    z: 781.4392731520517
    yaw: 90.26035
    pitch: 29.100143
  a1:
    world: world_1.17
    x: -1481.788708177983
    y: 71.0
    z: 289.4502298079547
    yaw: -76.80957
    pitch: 16.050165
  net:
    world: world_1.17_nether
    x: 132.50448402074852
    y: 54.0
    z: -96.73177557987435
    yaw: -86.29964
    pitch: 8.699868
logoutlocation:
  world: world_1.17
  x: -1396.315122789198
  y: 61.0
  z: 751.0286419657895
  yaw: -131.11038
  pitch: 73.8002
afk: false
