lastAccountName: Honza2
timestamps:
  login: 1642434680718
  lastteleport: 1642437345155
  logout: 1642438158090
ipAddress: 213.151.77.246
lastlocation:
  world: world_1.17
  x: -1432.024504280773
  y: 68.0
  z: 752.0515161695116
  yaw: -161.44116
  pitch: 61.65033
homes:
  home:
    world: world_1.17
    x: -1403.383568417799
    y: 57.0
    z: 781.4392731520517
    yaw: 90.26035
    pitch: 29.100143
  a1:
    world: world_1.17
    x: -1712.3197693180205
    y: 70.0
    z: 628.2964688231692
    yaw: 124.954605
    pitch: 43.35006
  net:
    world: world_1.17_nether
    x: 132.50448402074852
    y: 54.0
    z: -96.73177557987435
    yaw: -86.29964
    pitch: 8.699868
logoutlocation:
  world: world_1.17
  x: -1398.412480917549
  y: 65.0
  z: 778.4302786963406
  yaw: 163.47362
  pitch: 8.550545
afk: false
