lastAccountName: Honza2
timestamps:
  login: 1641067016920
  lastteleport: 1641070207794
  logout: 1640904264985
ipAddress: 213.151.77.246
lastlocation:
  world: world_1.17
  x: -1398.8367156782942
  y: 65.0
  z: 773.7126176438729
  yaw: 156.72363
  pitch: 25.199892
homes:
  home:
    world: world_1.17
    x: -616.2798045520923
    y: 64.0
    z: 733.7605024665985
    yaw: -149.47144
    pitch: 27.601849
  les:
    world: world_1.17
    x: -1398.665406228013
    y: 65.0
    z: 774.1486773354758
    yaw: 156.72363
    pitch: 25.199892
  dul:
    world: world_1.17
    x: -1367.4654865868072
    y: 79.5
    z: 720.1746652797344
    yaw: 20.210852
    pitch: 47.250214
logoutlocation:
  world: world_1.17
  x: -1381.7990118578589
  y: 66.0
  z: 761.3938102482226
  yaw: 54.2713
  pitch: 7.5001526
afk: false
