lastAccountName: Honza2
timestamps:
  login: 1642578757655
  lastteleport: 1642542488865
  logout: 1642542957150
ipAddress: 213.151.77.246
lastlocation:
  world: world_1.17
  x: -1426.1051908016063
  y: 60.0
  z: 751.6252885208645
  yaw: 143.35272
  pitch: 38.7006
homes:
  home:
    world: world_1.17
    x: -1403.383568417799
    y: 57.0
    z: 781.4392731520517
    yaw: 90.26035
    pitch: 29.100143
  a1:
    world: world_1.17
    x: -1481.788708177983
    y: 71.0
    z: 289.4502298079547
    yaw: -76.80957
    pitch: 16.050165
  net:
    world: world_1.17_nether
    x: 132.50448402074852
    y: 54.0
    z: -96.73177557987435
    yaw: -86.29964
    pitch: 8.699868
logoutlocation:
  world: world_1.17
  x: -1423.5566372181986
  y: 58.0
  z: 754.2855115480934
  yaw: 179.35619
  pitch: 14.100975
afk: false
