lastAccountName: Honza2
timestamps:
  login: 1643374193359
  lastteleport: 1643379373566
  logout: 1643379394421
ipAddress: 213.151.77.246
lastlocation:
  world: world_1.17
  x: -1412.943500556114
  y: 27.0
  z: 749.4659009045125
  yaw: -68.73953
  pitch: 19.200293
homes:
  home:
    world: world_1.17
    x: -1402.7171091054984
    y: 57.0
    z: 782.1901543045643
    yaw: 11.510256
    pitch: 15.9002075
  a1:
    world: world_1.17
    x: -1772.1950565887096
    y: 54.0
    z: 622.604816563074
    yaw: 112.01683
    pitch: 12.600685
  net:
    world: world_1.17_nether
    x: 395.30000001192093
    y: 58.0
    z: -103.69999998807907
    yaw: -10.692688
    pitch: 21.60071
logoutlocation:
  world: world_1.17
  x: -1386.9461144980987
  y: 66.0
  z: 775.2661622955471
  yaw: -145.53928
  pitch: 9.300207
afk: false
