lastAccountName: Honza2
timestamps:
  login: 1640785337802
  lastteleport: 1640787975992
  logout: 1640788194183
ipAddress: 78.80.46.201
lastlocation:
  world: world_1.17_nether
  x: -157.23484034187265
  y: 103.0
  z: 93.67852029511812
  yaw: 105.871765
  pitch: 6.7509656
homes:
  home:
    world: world_1.17
    x: -616.2798045520923
    y: 64.0
    z: 733.7605024665985
    yaw: -149.47144
    pitch: 27.601849
  les:
    world: world_1.17
    x: -1398.665406228013
    y: 65.0
    z: 774.1486773354758
    yaw: 156.72363
    pitch: 25.199892
  dul:
    world: world_1.17_nether
    x: -304.8523376985445
    y: 39.0
    z: 40.84443440860721
    yaw: 127.64728
    pitch: 20.250362
logoutlocation:
  world: world_1.17
  x: -1394.4983740994928
  y: 54.0
  z: 759.6286549003797
  yaw: 57.42031
  pitch: 11.550574
afk: false
