lastAccountName: Honza2
timestamps:
  login: 1642592347131
  lastteleport: 1642592954953
  logout: 1642593425896
ipAddress: 213.151.77.246
lastlocation:
  world: world_1.17
  x: -1416.3044836136053
  y: 58.0
  z: 751.7606025538744
  yaw: -45.93737
  pitch: 10.650404
homes:
  home:
    world: world_1.17
    x: -1403.383568417799
    y: 57.0
    z: 781.4392731520517
    yaw: 90.26035
    pitch: 29.100143
  a1:
    world: world_1.17
    x: -1481.788708177983
    y: 71.0
    z: 289.4502298079547
    yaw: -76.80957
    pitch: 16.050165
  net:
    world: world_1.17_nether
    x: 132.50448402074852
    y: 54.0
    z: -96.73177557987435
    yaw: -86.29964
    pitch: 8.699868
logoutlocation:
  world: world_1.17
  x: -1399.1185064706651
  y: 67.0
  z: 754.5483517353315
  yaw: -35.741486
  pitch: 13.050693
afk: false
