lastAccountName: Honza2
timestamps:
  login: 1641221836971
  lastteleport: 1641227810352
  logout: 1641227823602
ipAddress: 213.151.77.246
lastlocation:
  world: world_1.17
  x: -1366.300000011921
  y: 28.0
  z: 719.6329802612911
  yaw: 25.72937
  pitch: 35.099915
homes:
  home:
    world: world_1.17
    x: -1398.7846849451983
    y: 65.0
    z: 772.9680000166946
    yaw: -22.089388
    pitch: 12.750098
  a1:
    world: world_1.17
    x: -1380.3881816718058
    y: 79.0
    z: 801.9517467553175
    yaw: 84.705444
    pitch: 7.200433
  a2:
    world: world_1.17
    x: -1380.9032772434425
    y: 62.0
    z: 802.874358233971
    yaw: -175.71558
    pitch: 27.452467
logoutlocation:
  world: world_1.17
  x: -1398.5290528976404
  y: 65.0
  z: 772.5186030984091
  yaw: 77.061005
  pitch: 11.400085
afk: false
