lastAccountName: Honza2
timestamps:
  login: 1643477244454
  lastteleport: 1643483812208
  logout: 1643483861778
ipAddress: 78.80.46.201
lastlocation:
  world: world_1.17
  x: -1407.688622534364
  y: 11.0
  z: 757.8381503140153
  yaw: -2.2768555
  pitch: 18.300026
homes:
  home:
    world: world_1.17
    x: -1402.7171091054984
    y: 57.0
    z: 782.1901543045643
    yaw: 11.510256
    pitch: 15.9002075
  a1:
    world: world_1.17_nether
    x: 415.2318457382388
    y: 117.0
    z: -245.75988011828977
    yaw: -156.04024
    pitch: 19.950537
  net:
    world: world_1.17_nether
    x: 395.30000001192093
    y: 58.0
    z: -103.69999998807907
    yaw: -10.692688
    pitch: 21.60071
logoutlocation:
  world: world_1.17
  x: -1414.660350255038
  y: 58.0
  z: 753.7558898371648
  yaw: 156.5621
  pitch: 14.550274
afk: false
