lastAccountName: Honza2
timestamps:
  login: 1643231036487
  lastteleport: 1643233811218
  logout: 1643221385008
ipAddress: 213.151.77.246
lastlocation:
  world: world_1.17
  x: -1399.443537311698
  y: 67.0
  z: 751.0169276301926
  yaw: 175.3122
  pitch: 36.450558
homes:
  home:
    world: world_1.17
    x: -1403.383568417799
    y: 57.0
    z: 781.4392731520517
    yaw: 90.26035
    pitch: 29.100143
  a1:
    world: world_1.17_nether
    x: -72.37305548363614
    y: 34.0
    z: 128.39080435497752
    yaw: -52.537994
    pitch: 34.501583
  net:
    world: world_1.17_nether
    x: 428.7550873480132
    y: 58.0
    z: -102.62945617617797
    yaw: 67.605225
    pitch: 12.150732
logoutlocation:
  world: world_1.17
  x: -1394.5641811045407
  y: 56.5625
  z: 757.5949917879828
  yaw: 142.01099
  pitch: 37.350544
afk: false
