lastAccountName: Honza2
timestamps:
  login: 1643812586322
  lastteleport: 1643816478054
  logout: 1643816570756
ipAddress: 213.151.77.246
lastlocation:
  world: world_1.17
  x: -1368.1133276949358
  y: 29.875
  z: 720.7245944025854
  yaw: -62.28829
  pitch: 58.800415
homes:
  home:
    world: world_1.17
    x: -1402.7171091054984
    y: 57.0
    z: 782.1901543045643
    yaw: 11.510256
    pitch: 15.9002075
  a1:
    world: world_1.17_the_end
    x: 2577.5
    y: 135.0
    z: -623.5
    yaw: -33.996857
    pitch: -22.650002
  net:
    world: world_1.17
    x: -2113.6462871832023
    y: 30.0
    z: -264.8194678232319
    yaw: -178.19128
    pitch: 12.90047
logoutlocation:
  world: world_1.17
  x: -1403.4026010049408
  y: 57.0
  z: 798.8569489162545
  yaw: -6.0390086
  pitch: 7.3501134
afk: false
