lastAccountName: Honza2
timestamps:
  login: 1641328068169
  lastteleport: 1641328992308
  logout: 1641329150490
ipAddress: 213.151.77.246
lastlocation:
  world: world_1.17
  x: -1483.987500011921
  y: 72.0
  z: 759.8154426376789
  yaw: -111.48968
  pitch: 22.950102
homes:
  home:
    world: world_1.17
    x: -1398.7846849451983
    y: 65.0
    z: 772.9680000166946
    yaw: -22.089388
    pitch: 12.750098
  a1:
    world: world_1.17
    x: -1380.3881816718058
    y: 79.0
    z: 801.9517467553175
    yaw: 84.705444
    pitch: 7.200433
  a2:
    world: world_1.17
    x: -1380.9032772434425
    y: 62.0
    z: 802.874358233971
    yaw: -175.71558
    pitch: 27.452467
logoutlocation:
  world: world_1.17
  x: -1383.1969343316941
  y: 62.0
  z: 799.6746872348185
  yaw: 165.40958
  pitch: 2.8501413
afk: false
