lastAccountName: Honza2
timestamps:
  login: 1626968757673
  lastteleport: 1626978842274
  logout: 1626981469565
ipAddress: 213.151.77.246
lastlocation:
  world: world_1.17
  x: -1398.7561280950774
  y: 65.0
  z: 774.4020475862146
  yaw: 26.973732
  pitch: 6.1498866
homes:
  home:
    world: world_1.17
    x: -616.2798045520923
    y: 64.0
    z: 733.7605024665985
    yaw: -149.47144
    pitch: 27.601849
  les:
    world: world_1.17
    x: -1398.665406228013
    y: 65.0
    z: 774.1486773354758
    yaw: 156.72363
    pitch: 25.199892
  dul:
    world: world_1.17
    x: -1513.300000011921
    y: 62.0
    z: 810.9024663531175
    yaw: 98.26163
    pitch: 24.300198
logoutlocation:
  world: world_1.17
  x: -1414.1947992791206
  y: 67.9375
  z: 761.6999999880791
  yaw: 73.63634
  pitch: 14.099725
