lastAccountName: Honza2
timestamps:
  login: 1641221836971
  lastteleport: 1641224446736
  logout: 1641206894087
ipAddress: 213.151.77.246
lastlocation:
  world: world_1.17
  x: -1375.483769177491
  y: 62.0
  z: 802.4928112793104
  yaw: 116.461914
  pitch: 42.45437
homes:
  home:
    world: world_1.17
    x: -1398.7846849451983
    y: 65.0
    z: 772.9680000166946
    yaw: -22.089388
    pitch: 12.750098
  a1:
    world: world_1.17
    x: -1380.3881816718058
    y: 79.0
    z: 801.9517467553175
    yaw: 84.705444
    pitch: 7.200433
  a2:
    world: world_1.17
    x: -1380.9032772434425
    y: 62.0
    z: 802.874358233971
    yaw: -175.71558
    pitch: 27.452467
logoutlocation:
  world: world_1.17
  x: -1394.8046633204535
  y: 65.0
  z: 778.2781385098245
  yaw: 165.11043
  pitch: 2.7001607
afk: false
