lastAccountName: Honza2
timestamps:
  login: 1643553878638
  lastteleport: 1643555663361
  logout: 1643555977503
ipAddress: 78.80.46.201
lastlocation:
  world: world_1.17
  x: -1384.0270216339068
  y: 79.0
  z: 797.3445808894337
  yaw: -36.785095
  pitch: 17.70024
homes:
  home:
    world: world_1.17
    x: -1402.7171091054984
    y: 57.0
    z: 782.1901543045643
    yaw: 11.510256
    pitch: 15.9002075
  a1:
    world: world_1.17_nether
    x: -769.543240457431
    y: 117.0
    z: 750.3000000119209
    yaw: 49.31421
    pitch: 44.850307
  net:
    world: world_1.17_nether
    x: 395.30000001192093
    y: 58.0
    z: -103.69999998807907
    yaw: -10.692688
    pitch: 21.60071
logoutlocation:
  world: world_1.17
  x: -1394.5780459100235
  y: 56.0
  z: 759.8098190254987
  yaw: 109.45447
  pitch: 20.25043
afk: false
