lastAccountName: Honza2
timestamps:
  login: 1641503647939
  lastteleport: 1641505037861
  logout: 1641495235144
ipAddress: 213.151.77.246
lastlocation:
  world: world_1.17
  x: -1444.6217049387449
  y: 77.0
  z: 716.0330927999047
  yaw: -87.45126
  pitch: 24.902222
homes:
  home:
    world: world_1.17
    x: -1398.7846849451983
    y: 65.0
    z: 772.9680000166946
    yaw: -22.089388
    pitch: 12.750098
  a1:
    world: world_1.17
    x: -1445.8296839852778
    y: 77.0
    z: 713.605540050935
    yaw: -11.701324
    pitch: 12.302249
  net:
    world: world_1.17_nether
    x: 132.50448402074852
    y: 54.0
    z: -96.73177557987435
    yaw: -86.29964
    pitch: 8.699868
logoutlocation:
  world: world_1.17
  x: -1391.647320250009
  y: 66.0
  z: 791.4247939769441
  yaw: -132.89496
  pitch: 33.60041
afk: false
