lastAccountName: Honza2
timestamps:
  login: 1641490833073
  lastteleport: 1641491897295
  logout: 1641495235144
ipAddress: 213.151.77.246
lastlocation:
  world: world_1.17
  x: -1454.2460425456434
  y: 69.0
  z: 796.4852391561712
  yaw: 109.762024
  pitch: 21.000515
homes:
  home:
    world: world_1.17
    x: -1398.7846849451983
    y: 65.0
    z: 772.9680000166946
    yaw: -22.089388
    pitch: 12.750098
  a1:
    world: world_1.17
    x: -1370.793678278044
    y: 79.0
    z: 721.5382026163827
    yaw: 134.06021
    pitch: 41.10117
  net:
    world: world_1.17_nether
    x: 132.50448402074852
    y: 54.0
    z: -96.73177557987435
    yaw: -86.29964
    pitch: 8.699868
logoutlocation:
  world: world_1.17
  x: -1391.647320250009
  y: 66.0
  z: 791.4247939769441
  yaw: -132.89496
  pitch: 33.60041
afk: false
