lastAccountName: Honza2
timestamps:
  login: 1642006004625
  lastteleport: 1642009416386
  logout: 1642009431738
ipAddress: 147.32.96.50
lastlocation:
  world: world_1.17
  x: -1368.5174200655172
  y: 29.875
  z: 721.0799745290208
  yaw: -83.14288
  pitch: 58.649956
homes:
  home:
    world: world_1.17
    x: -1398.7846849451983
    y: 65.0
    z: 772.9680000166946
    yaw: -22.089388
    pitch: 12.750098
  a1:
    world: world_1.17
    x: -1445.8296839852778
    y: 77.0
    z: 713.605540050935
    yaw: -11.701324
    pitch: 12.302249
  net:
    world: world_1.17_nether
    x: 132.50448402074852
    y: 54.0
    z: -96.73177557987435
    yaw: -86.29964
    pitch: 8.699868
logoutlocation:
  world: world_1.17
  x: -1398.6436751667231
  y: 65.0
  z: 772.6303923782508
  yaw: -86.58941
  pitch: 0.15010004
afk: false
