lastAccountName: Honza2
timestamps:
  login: 1642614402334
  lastteleport: 1642615058257
  logout: 1642615115440
ipAddress: 213.151.77.246
lastlocation:
  world: world_1.17
  x: -1431.300000011921
  y: 68.0
  z: 753.4662851426805
  yaw: -8.737831
  pitch: 24.001093
homes:
  home:
    world: world_1.17
    x: -1403.383568417799
    y: 57.0
    z: 781.4392731520517
    yaw: 90.26035
    pitch: 29.100143
  a1:
    world: world_1.17
    x: -1481.788708177983
    y: 71.0
    z: 289.4502298079547
    yaw: -76.80957
    pitch: 16.050165
  net:
    world: world_1.17_nether
    x: 132.50448402074852
    y: 54.0
    z: -96.73177557987435
    yaw: -86.29964
    pitch: 8.699868
logoutlocation:
  world: world_1.17
  x: -1414.4556817306986
  y: 58.0
  z: 753.813533896715
  yaw: 158.36218
  pitch: 9.450241
afk: false
