lastAccountName: Honza2
timestamps:
  login: 1641406703993
  lastteleport: 1641406976035
  logout: 1641407264285
ipAddress: 213.151.77.246
lastlocation:
  world: world_1.17
  x: -1368.5721393760675
  y: 30.0
  z: 722.277856820962
  yaw: -38.248714
  pitch: -25.650084
homes:
  home:
    world: world_1.17
    x: -1398.7846849451983
    y: 65.0
    z: 772.9680000166946
    yaw: -22.089388
    pitch: 12.750098
  a1:
    world: world_1.17
    x: -1380.3881816718058
    y: 79.0
    z: 801.9517467553175
    yaw: 84.705444
    pitch: 7.200433
  a2:
    world: world_1.17
    x: -1380.9032772434425
    y: 62.0
    z: 802.874358233971
    yaw: -175.71558
    pitch: 27.452467
logoutlocation:
  world: world_1.17
  x: -1394.5802574162356
  y: 56.0
  z: 758.8614254202336
  yaw: -122.138565
  pitch: 42.300003
afk: false
