lastAccountName: Honza2
timestamps:
  login: 1641328068169
  lastteleport: 1641328272763
  logout: 1641236309793
ipAddress: 213.151.77.246
lastlocation:
  world: world_1.17
  x: -1368.497233374255
  y: 29.875
  z: 720.8111736402669
  yaw: 178.2795
  pitch: 55.650017
homes:
  home:
    world: world_1.17
    x: -1398.7846849451983
    y: 65.0
    z: 772.9680000166946
    yaw: -22.089388
    pitch: 12.750098
  a1:
    world: world_1.17
    x: -1380.3881816718058
    y: 79.0
    z: 801.9517467553175
    yaw: 84.705444
    pitch: 7.200433
  a2:
    world: world_1.17
    x: -1380.9032772434425
    y: 62.0
    z: 802.874358233971
    yaw: -175.71558
    pitch: 27.452467
logoutlocation:
  world: world_1.17
  x: -1387.1438006772696
  y: 62.0
  z: 793.8929533749814
  yaw: 9.380859
  pitch: 38.549324
afk: false
