lastAccountName: Honza2
timestamps:
  login: 1641135341177
  lastteleport: 1641136072864
  logout: 1641129548051
ipAddress: 213.151.77.246
lastlocation:
  world: world_1.17
  x: -1368.2689760417284
  y: 29.875
  z: 720.8228228427967
  yaw: -5.4394226
  pitch: 53.250427
homes:
  home:
    world: world_1.17
    x: -1398.7846849451983
    y: 65.0
    z: 772.9680000166946
    yaw: -22.089388
    pitch: 12.750098
  a1:
    world: world_1.17
    x: -1398.5060331283523
    y: 65.0
    z: 777.1970012174824
    yaw: 3.4106123
    pitch: 11.8501005
logoutlocation:
  world: world_1.17
  x: -1407.5920368878915
  y: 66.0
  z: 785.4933505465166
  yaw: 167.2248
  pitch: 14.999896
afk: false
