lastAccountName: Honza2
timestamps:
  login: 1642101598586
  lastteleport: 1642104092550
  logout: 1642104787693
ipAddress: 213.151.77.246
lastlocation:
  world: world_1.17
  x: -1368.6074966779777
  y: 30.0
  z: 722.277856820962
  yaw: -125.28922
  pitch: 58.35051
homes:
  home:
    world: world_1.17
    x: -1398.7846849451983
    y: 65.0
    z: 772.9680000166946
    yaw: -22.089388
    pitch: 12.750098
  a1:
    world: world_1.17
    x: -1445.8296839852778
    y: 77.0
    z: 713.605540050935
    yaw: -11.701324
    pitch: 12.302249
  net:
    world: world_1.17_nether
    x: 132.50448402074852
    y: 54.0
    z: -96.73177557987435
    yaw: -86.29964
    pitch: 8.699868
logoutlocation:
  world: world_1.17
  x: -1393.7922855851978
  y: 56.5625
  z: 756.8547111493535
  yaw: -75.21777
  pitch: 11.100407
afk: false
