lastAccountName: Honza2
timestamps:
  login: 1640876374273
  lastteleport: 1640883201749
  logout: 1640883238249
ipAddress: 78.80.46.201
lastlocation:
  world: world_1.17
  x: -1397.9742599357903
  y: 65.0
  z: 773.853392515712
  yaw: -106.22635
  pitch: 1.9498807
homes:
  home:
    world: world_1.17
    x: -616.2798045520923
    y: 64.0
    z: 733.7605024665985
    yaw: -149.47144
    pitch: 27.601849
  les:
    world: world_1.17
    x: -1398.665406228013
    y: 65.0
    z: 774.1486773354758
    yaw: 156.72363
    pitch: 25.199892
  dul:
    world: world_1.17
    x: -1369.712998749558
    y: 79.0
    z: 721.8328960802937
    yaw: -148.07458
    pitch: 39.449883
logoutlocation:
  world: world_1.17
  x: -1373.538823723969
  y: 73.0
  z: 730.3829353007192
  yaw: -117.77486
  pitch: 0.5998156
afk: false
