lastAccountName: Honza2
timestamps:
  login: 1641135341177
  lastteleport: 1641152427445
  logout: 1641152914151
ipAddress: 213.151.77.246
lastlocation:
  world: world_1.17
  x: -1390.003204553551
  y: 64.5
  z: 794.0205183861291
  yaw: 101.661415
  pitch: 2.3946166E-4
homes:
  home:
    world: world_1.17
    x: -1398.7846849451983
    y: 65.0
    z: 772.9680000166946
    yaw: -22.089388
    pitch: 12.750098
  a1:
    world: world_1.17
    x: -1380.3881816718058
    y: 79.0
    z: 801.9517467553175
    yaw: 84.705444
    pitch: 7.200433
logoutlocation:
  world: world_1.17
  x: -1380.272680977057
  y: 79.0
  z: 802.1900525823687
  yaw: 162.55751
  pitch: 11.101088
afk: false
