lastAccountName: Honza2
timestamps:
  login: 1640639120788
  lastteleport: 1640641395884
  logout: 1640642256933
ipAddress: 78.80.46.201
lastlocation:
  world: world_1.17
  x: -1398.6672565511883
  y: 11.0
  z: 759.3172271937677
  yaw: -164.42505
  pitch: 24.900623
homes:
  home:
    world: world_1.17
    x: -616.2798045520923
    y: 64.0
    z: 733.7605024665985
    yaw: -149.47144
    pitch: 27.601849
  les:
    world: world_1.17
    x: -1398.665406228013
    y: 65.0
    z: 774.1486773354758
    yaw: 156.72363
    pitch: 25.199892
  dul:
    world: world_1.17_nether
    x: -304.8523376985445
    y: 39.0
    z: 40.84443440860721
    yaw: 127.64728
    pitch: 20.250362
logoutlocation:
  world: world_1.17
  x: -1398.4608199145057
  y: 67.0
  z: 752.9850825453772
  yaw: 1.2021484
  pitch: 15.00066
afk: false
