lastAccountName: Honza2
timestamps:
  login: 1642006004625
  lastteleport: 1642006674398
  logout: 1641653372894
ipAddress: 147.32.96.50
lastlocation:
  world: world_1.17
  x: -1368.3560822104914
  y: 29.875
  z: 721.3244087715124
  yaw: -67.05078
  pitch: 55.199986
homes:
  home:
    world: world_1.17
    x: -1398.7846849451983
    y: 65.0
    z: 772.9680000166946
    yaw: -22.089388
    pitch: 12.750098
  a1:
    world: world_1.17
    x: -1445.8296839852778
    y: 77.0
    z: 713.605540050935
    yaw: -11.701324
    pitch: 12.302249
  net:
    world: world_1.17_nether
    x: 132.50448402074852
    y: 54.0
    z: -96.73177557987435
    yaw: -86.29964
    pitch: 8.699868
logoutlocation:
  world: world_1.17
  x: -1396.9101975454746
  y: 66.0
  z: 770.2276931591862
  yaw: 43.455597
  pitch: 5.699263
afk: false
