lastAccountName: Honza2
timestamps:
  login: 1643730927781
  lastteleport: 1643733295280
  logout: 1643733320558
ipAddress: 213.151.77.246
lastlocation:
  world: world_1.17
  x: -1431.4284883292887
  y: 66.0
  z: 794.7634765184597
  yaw: -148.53354
  pitch: 12.450324
homes:
  home:
    world: world_1.17
    x: -1402.7171091054984
    y: 57.0
    z: 782.1901543045643
    yaw: 11.510256
    pitch: 15.9002075
  a1:
    world: world_1.17
    x: -1654.3968508957807
    y: 66.0
    z: 408.8654937768844
    yaw: 146.63452
    pitch: 13.800288
  net:
    world: world_1.17
    x: -2113.6462871832023
    y: 30.0
    z: -264.8194678232319
    yaw: -178.19128
    pitch: 12.90047
logoutlocation:
  world: world_1.17
  x: -1403.599744913796
  y: 57.0
  z: 782.874330221814
  yaw: 131.96039
  pitch: 9.150221
afk: false
