lastAccountName: Honza2
timestamps:
  login: 1642520343915
  lastteleport: 1642524569152
  logout: 1642524571791
ipAddress: 147.32.96.50
lastlocation:
  world: world_1.17
  x: -1368.699999988079
  y: 29.875
  z: 720.4935716991189
  yaw: -58.68979
  pitch: 46.50009
homes:
  home:
    world: world_1.17
    x: -1403.383568417799
    y: 57.0
    z: 781.4392731520517
    yaw: 90.26035
    pitch: 29.100143
  a1:
    world: world_1.17
    x: -1403.7280442310541
    y: 57.0
    z: 785.2902736640095
    yaw: 97.760345
    pitch: 27.300146
  net:
    world: world_1.17_nether
    x: 132.50448402074852
    y: 54.0
    z: -96.73177557987435
    yaw: -86.29964
    pitch: 8.699868
logoutlocation:
  world: world_1.17
  x: -1403.55859335945
  y: 57.0
  z: 782.7846805990961
  yaw: -165.93964
  pitch: 12.300145
afk: false
