lastAccountName: Honza2
timestamps:
  login: 1640867109486
  lastteleport: 1640871311497
  logout: 1640803726583
ipAddress: 78.80.46.201
lastlocation:
  world: world_1.17
  x: -1370.6901364252453
  y: 74.5625
  z: 720.7377303483732
  yaw: 1.9234654
  pitch: 22.350424
homes:
  home:
    world: world_1.17
    x: -616.2798045520923
    y: 64.0
    z: 733.7605024665985
    yaw: -149.47144
    pitch: 27.601849
  les:
    world: world_1.17
    x: -1398.665406228013
    y: 65.0
    z: 774.1486773354758
    yaw: 156.72363
    pitch: 25.199892
  dul:
    world: world_1.17
    x: -1370.6087096206797
    y: 77.0
    z: 724.0173310576768
    yaw: -17.276367
    pitch: 39.90003
logoutlocation:
  world: world_1.17
  x: -1370.1127166775173
  y: 77.0
  z: 724.1635846467168
  yaw: 52.64749
  pitch: 30.900194
afk: false
