lastAccountName: Honza2
timestamps:
  login: 1642345125331
  lastteleport: 1642183391213
  logout: 1642183961130
ipAddress: 213.151.77.246
lastlocation:
  world: world_1.17
  x: -1368.474194346879
  y: 29.875
  z: 720.5037939896195
  yaw: -46.966797
  pitch: 60.449894
homes:
  home:
    world: world_1.17
    x: -1403.383568417799
    y: 57.0
    z: 781.4392731520517
    yaw: 90.26035
    pitch: 29.100143
  a1:
    world: world_1.17
    x: -1370.273335675033
    y: 75.0
    z: 728.1273108331839
    yaw: 131.20694
    pitch: 58.350285
  net:
    world: world_1.17_nether
    x: 132.50448402074852
    y: 54.0
    z: -96.73177557987435
    yaw: -86.29964
    pitch: 8.699868
logoutlocation:
  world: world_1.17
  x: -1394.327612080813
  y: 56.5625
  z: 758.2855640097923
  yaw: 43.160522
  pitch: 36.751167
afk: false
