lastAccountName: Honza2
timestamps:
  login: 1627139092733
  lastteleport: 1627141397683
  logout: 1627141519373
ipAddress: 88.102.69.110
lastlocation:
  world: world_1.17_nether
  x: -169.28294824241937
  y: 29.0
  z: 74.8212179623848
  yaw: -0.93051225
  pitch: 13.049995
homes:
  home:
    world: world_1.17
    x: -616.2798045520923
    y: 64.0
    z: 733.7605024665985
    yaw: -149.47144
    pitch: 27.601849
  les:
    world: world_1.17
    x: -1398.665406228013
    y: 65.0
    z: 774.1486773354758
    yaw: 156.72363
    pitch: 25.199892
  dul:
    world: world_1.17
    x: -1513.300000011921
    y: 62.0
    z: 810.9024663531175
    yaw: 98.26163
    pitch: 24.300198
logoutlocation:
  world: world_1.17
  x: -1396.6468704135063
  y: 66.0
  z: 768.2394434706833
  yaw: -28.799774
  pitch: 40.80002
afk: false
