lastAccountName: Honza2
timestamps:
  login: 1643455639074
  lastteleport: 1643409536302
  logout: 1643409540405
ipAddress: 78.80.46.201
lastlocation:
  world: world_1.17
  x: -1417.1663244189117
  y: 12.0
  z: 751.9647947639236
  yaw: 25.763733
  pitch: 23.549894
homes:
  home:
    world: world_1.17
    x: -1402.7171091054984
    y: 57.0
    z: 782.1901543045643
    yaw: 11.510256
    pitch: 15.9002075
  a1:
    world: world_1.17
    x: -1772.1950565887096
    y: 54.0
    z: 622.604816563074
    yaw: 112.01683
    pitch: 12.600685
  net:
    world: world_1.17_nether
    x: 395.30000001192093
    y: 58.0
    z: -103.69999998807907
    yaw: -10.692688
    pitch: 21.60071
logoutlocation:
  world: world_1.17
  x: -1402.5
  y: 57.0
  z: 782.5
  yaw: -14.139747
  pitch: 0.30020714
afk: false
