lastAccountName: Honza2
timestamps:
  login: 1627148884775
  lastteleport: 1627150210520
  logout: 1627151705773
ipAddress: 88.102.69.110
lastlocation:
  world: world_1.17_nether
  x: -391.5524609995072
  y: 36.0
  z: 12.289823020202205
  yaw: 151.0415
  pitch: 20.999996
homes:
  home:
    world: world_1.17
    x: -616.2798045520923
    y: 64.0
    z: 733.7605024665985
    yaw: -149.47144
    pitch: 27.601849
  les:
    world: world_1.17
    x: -1398.665406228013
    y: 65.0
    z: 774.1486773354758
    yaw: 156.72363
    pitch: 25.199892
  dul:
    world: world_1.17_nether
    x: -304.8523376985445
    y: 39.0
    z: 40.84443440860721
    yaw: 127.64728
    pitch: 20.250362
logoutlocation:
  world: world_1.17
  x: -1401.4780520548552
  y: 64.9375
  z: 775.5715134930031
  yaw: -54.935303
  pitch: 13.050198
afk: false
