lastAccountName: Honza2
timestamps:
  login: 1640894272024
  lastteleport: 1640904231487
  logout: 1640904264985
ipAddress: 78.80.46.201
lastlocation:
  world: world_1.17
  x: -1370.300000011921
  y: 30.261048677695698
  z: 724.0908049167011
  yaw: 73.77164
  pitch: 66.44996
homes:
  home:
    world: world_1.17
    x: -616.2798045520923
    y: 64.0
    z: 733.7605024665985
    yaw: -149.47144
    pitch: 27.601849
  les:
    world: world_1.17
    x: -1398.665406228013
    y: 65.0
    z: 774.1486773354758
    yaw: 156.72363
    pitch: 25.199892
  dul:
    world: world_1.17
    x: -1376.5149639861818
    y: 73.0
    z: 723.0454483786219
    yaw: 22.021118
    pitch: 30.000088
logoutlocation:
  world: world_1.17
  x: -1381.7990118578589
  y: 66.0
  z: 761.3938102482226
  yaw: 54.2713
  pitch: 7.5001526
afk: false
