lastAccountName: Honza2
timestamps:
  login: 1641135341177
  lastteleport: 1641143965219
  logout: 1641129548051
ipAddress: 213.151.77.246
lastlocation:
  world: world_1.17
  x: -1378.0964596686485
  y: 72.0
  z: 798.3497279169209
  yaw: -175.05005
  pitch: 25.499983
homes:
  home:
    world: world_1.17
    x: -1398.7846849451983
    y: 65.0
    z: 772.9680000166946
    yaw: -22.089388
    pitch: 12.750098
  a1:
    world: world_1.17
    x: -1386.413695513897
    y: 84.0
    z: 798.3517511236905
    yaw: 174.25024
    pitch: 35.099907
logoutlocation:
  world: world_1.17
  x: -1407.5920368878915
  y: 66.0
  z: 785.4933505465166
  yaw: 167.2248
  pitch: 14.999896
afk: false
