lastAccountName: Honza2
timestamps:
  login: 1642758214681
  lastteleport: 1642758968906
  logout: 1642627432142
ipAddress: 213.151.77.246
lastlocation:
  world: world_1.17
  x: -1422.388504972751
  y: 58.0
  z: 753.9328475871586
  yaw: 123.70679
  pitch: 27.900347
homes:
  home:
    world: world_1.17
    x: -1403.383568417799
    y: 57.0
    z: 781.4392731520517
    yaw: 90.26035
    pitch: 29.100143
  a1:
    world: world_1.17_nether
    x: -72.37305548363614
    y: 34.0
    z: 128.39080435497752
    yaw: -52.537994
    pitch: 34.501583
  net:
    world: world_1.17
    x: 589.4112223884041
    y: 65.0
    z: 2077.6523899557715
    yaw: 80.990295
    pitch: 26.700443
logoutlocation:
  world: world_1.17
  x: -1416.4469343311673
  y: 58.0
  z: 752.6022276023817
  yaw: -109.83885
  pitch: 18.000605
afk: false
