lastAccountName: Honza2
timestamps:
  login: 1643318189017
  lastteleport: 1643324386180
  logout: 1643324478347
ipAddress: 213.151.77.246
lastlocation:
  world: world_1.17
  x: -1419.0073556809866
  y: 58.0
  z: 752.3571677297571
  yaw: 169.47354
  pitch: 33.155376
homes:
  home:
    world: world_1.17
    x: -1403.383568417799
    y: 57.0
    z: 781.4392731520517
    yaw: 90.26035
    pitch: 29.100143
  a1:
    world: world_1.17_nether
    x: -72.37305548363614
    y: 34.0
    z: 128.39080435497752
    yaw: -52.537994
    pitch: 34.501583
  net:
    world: world_1.17_nether
    x: 395.30000001192093
    y: 58.0
    z: -103.69999998807907
    yaw: -10.692688
    pitch: 21.60071
logoutlocation:
  world: world_1.17
  x: -1403.2116825880173
  y: 57.0
  z: 792.5183153226056
  yaw: 14.660736
  pitch: 17.25014
afk: false
