lastAccountName: Honza2
timestamps:
  login: 1643216357690
  lastteleport: 1643221206184
  logout: 1643221385008
ipAddress: 213.151.77.246
lastlocation:
  world: world_1.17
  x: -1368.699999988079
  y: 29.875
  z: 720.8294041104925
  yaw: -82.68997
  pitch: 53.399933
homes:
  home:
    world: world_1.17
    x: -1403.383568417799
    y: 57.0
    z: 781.4392731520517
    yaw: 90.26035
    pitch: 29.100143
  a1:
    world: world_1.17_nether
    x: -72.37305548363614
    y: 34.0
    z: 128.39080435497752
    yaw: -52.537994
    pitch: 34.501583
  net:
    world: world_1.17
    x: 589.4112223884041
    y: 65.0
    z: 2077.6523899557715
    yaw: 80.990295
    pitch: 26.700443
logoutlocation:
  world: world_1.17
  x: -1394.5641811045407
  y: 56.5625
  z: 757.5949917879828
  yaw: 142.01099
  pitch: 37.350544
afk: false
