lastAccountName: Honza2
timestamps:
  login: 1627227887445
  lastteleport: 1627230650847
  logout: 1627232214679
ipAddress: 88.102.69.110
lastlocation:
  world: world_1.17_nether
  x: -108.83753205364833
  y: 48.875
  z: 128.7378456986632
  yaw: 23.95401
  pitch: 16.351318
homes:
  home:
    world: world_1.17
    x: -616.2798045520923
    y: 64.0
    z: 733.7605024665985
    yaw: -149.47144
    pitch: 27.601849
  les:
    world: world_1.17
    x: -1398.665406228013
    y: 65.0
    z: 774.1486773354758
    yaw: 156.72363
    pitch: 25.199892
  dul:
    world: world_1.17_nether
    x: -304.8523376985445
    y: 39.0
    z: 40.84443440860721
    yaw: 127.64728
    pitch: 20.250362
logoutlocation:
  world: world_1.17
  x: -1389.7115339573068
  y: 55.0
  z: 760.5413894603867
  yaw: -167.4265
  pitch: 41.849876
afk: false
