lastAccountName: Honza2
timestamps:
  login: 1641161929691
  lastteleport: 1641163597388
  logout: 1641164260041
ipAddress: 213.151.77.246
lastlocation:
  world: world_1.17
  x: -1368.6143937591344
  y: 29.875
  z: 721.0237931059823
  yaw: -77.61841
  pitch: 58.050777
homes:
  home:
    world: world_1.17
    x: -1398.7846849451983
    y: 65.0
    z: 772.9680000166946
    yaw: -22.089388
    pitch: 12.750098
  a1:
    world: world_1.17
    x: -1380.3881816718058
    y: 79.0
    z: 801.9517467553175
    yaw: 84.705444
    pitch: 7.200433
logoutlocation:
  world: world_1.17
  x: -1384.8804219414496
  y: 84.0
  z: 794.6300821043383
  yaw: 131.5376
  pitch: 22.950699
afk: false
