lastAccountName: Honza2
timestamps:
  login: 1642779660736
  lastteleport: 1642782669456
  logout: 1642782932953
ipAddress: 213.151.77.246
lastlocation:
  world: world_1.17
  x: -1426.604117769926
  y: 56.0
  z: 753.5585804338034
  yaw: 161.20944
  pitch: 37.202114
homes:
  home:
    world: world_1.17
    x: -1403.383568417799
    y: 57.0
    z: 781.4392731520517
    yaw: 90.26035
    pitch: 29.100143
  a1:
    world: world_1.17_nether
    x: -72.37305548363614
    y: 34.0
    z: 128.39080435497752
    yaw: -52.537994
    pitch: 34.501583
  net:
    world: world_1.17
    x: 589.4112223884041
    y: 65.0
    z: 2077.6523899557715
    yaw: 80.990295
    pitch: 26.700443
logoutlocation:
  world: world_1.17
  x: -1399.9111497670974
  y: 72.0
  z: 739.2679981902482
  yaw: 29.963348
  pitch: 18.75034
afk: false
