lastAccountName: Honza2
timestamps:
  login: 1640796210836
  lastteleport: 1640802813035
  logout: 1640803726583
ipAddress: 78.80.46.201
lastlocation:
  world: world_1.17
  x: -1367.0595506384352
  y: 29.875
  z: 720.3000000119209
  yaw: 40.804016
  pitch: 27.750116
homes:
  home:
    world: world_1.17
    x: -616.2798045520923
    y: 64.0
    z: 733.7605024665985
    yaw: -149.47144
    pitch: 27.601849
  les:
    world: world_1.17
    x: -1398.665406228013
    y: 65.0
    z: 774.1486773354758
    yaw: 156.72363
    pitch: 25.199892
  dul:
    world: world_1.17_nether
    x: -304.8523376985445
    y: 39.0
    z: 40.84443440860721
    yaw: 127.64728
    pitch: 20.250362
logoutlocation:
  world: world_1.17
  x: -1370.1127166775173
  y: 77.0
  z: 724.1635846467168
  yaw: 52.64749
  pitch: 30.900194
afk: false
