lastAccountName: Honza2
timestamps:
  login: 1643459650650
  lastteleport: 1643461100710
  logout: 1643461102704
ipAddress: 78.80.46.201
lastlocation:
  world: world_1.17
  x: -1410.2646036040753
  y: 11.0
  z: 754.5520779204275
  yaw: 167.06235
  pitch: 22.500254
homes:
  home:
    world: world_1.17
    x: -1402.7171091054984
    y: 57.0
    z: 782.1901543045643
    yaw: 11.510256
    pitch: 15.9002075
  a1:
    world: world_1.17
    x: -1772.1950565887096
    y: 54.0
    z: 622.604816563074
    yaw: 112.01683
    pitch: 12.600685
  net:
    world: world_1.17_nether
    x: 395.30000001192093
    y: 58.0
    z: -103.69999998807907
    yaw: -10.692688
    pitch: 21.60071
logoutlocation:
  world: world_1.17
  x: -1402.5
  y: 57.0
  z: 782.5
  yaw: 11.510256
  pitch: 15.9002075
afk: false
