lastAccountName: Honza2
timestamps:
  login: 1627136020913
  lastteleport: 1627132035487
  logout: 1627136782419
ipAddress: 88.102.69.110
lastlocation:
  world: world_1.17
  x: -1397.699999988079
  y: 11.0
  z: 809.5271864070079
  yaw: -84.00659
  pitch: 9.150668
homes:
  home:
    world: world_1.17
    x: -616.2798045520923
    y: 64.0
    z: 733.7605024665985
    yaw: -149.47144
    pitch: 27.601849
  les:
    world: world_1.17
    x: -1398.665406228013
    y: 65.0
    z: 774.1486773354758
    yaw: 156.72363
    pitch: 25.199892
  dul:
    world: world_1.17
    x: -1513.300000011921
    y: 62.0
    z: 810.9024663531175
    yaw: 98.26163
    pitch: 24.300198
logoutlocation:
  world: world_1.17
  x: -1397.132694793472
  y: 67.0
  z: 749.3243387791828
  yaw: 113.250244
  pitch: 27.60001
afk: false
