lastAccountName: Honza2
timestamps:
  login: 1643477244454
  lastteleport: 1643478173495
  logout: 1643461102704
ipAddress: 78.80.46.201
lastlocation:
  world: world_1.17
  x: 3237.0341057498345
  y: 74.0
  z: -2070.2381025270315
  yaw: 174.15295
  pitch: 37.50018
homes:
  home:
    world: world_1.17
    x: -1402.7171091054984
    y: 57.0
    z: 782.1901543045643
    yaw: 11.510256
    pitch: 15.9002075
  a1:
    world: world_1.17_nether
    x: 415.2318457382388
    y: 117.0
    z: -245.75988011828977
    yaw: -156.04024
    pitch: 19.950537
  net:
    world: world_1.17_nether
    x: 395.30000001192093
    y: 58.0
    z: -103.69999998807907
    yaw: -10.692688
    pitch: 21.60071
logoutlocation:
  world: world_1.17
  x: -1402.5
  y: 57.0
  z: 782.5
  yaw: 11.510256
  pitch: 15.9002075
afk: false
