lastAccountName: Honza2
timestamps:
  login: 1642622197775
  lastteleport: 1642627049274
  logout: 1642627432142
ipAddress: 213.151.77.246
lastlocation:
  world: world_1.17
  x: 568.7267476180148
  y: 58.0
  z: 2087.859440622976
  yaw: -106.50922
  pitch: 13.0507345
homes:
  home:
    world: world_1.17
    x: -1403.383568417799
    y: 57.0
    z: 781.4392731520517
    yaw: 90.26035
    pitch: 29.100143
  a1:
    world: world_1.17
    x: -1379.5931929573549
    y: 84.0
    z: 798.8286802293832
    yaw: 96.71066
    pitch: 28.350756
  net:
    world: world_1.17
    x: 589.4112223884041
    y: 65.0
    z: 2077.6523899557715
    yaw: 80.990295
    pitch: 26.700443
logoutlocation:
  world: world_1.17
  x: -1416.4469343311673
  y: 58.0
  z: 752.6022276023817
  yaw: -109.83885
  pitch: 18.000605
afk: false
