lastAccountName: Honza2
timestamps:
  login: 1643216357690
  lastteleport: 1643219138680
  logout: 1642782932953
ipAddress: 213.151.77.246
lastlocation:
  world: world_1.17
  x: -1419.3575253558572
  y: 35.0
  z: 754.6999999880791
  yaw: -104.94531
  pitch: 17.09978
homes:
  home:
    world: world_1.17
    x: -1403.383568417799
    y: 57.0
    z: 781.4392731520517
    yaw: 90.26035
    pitch: 29.100143
  a1:
    world: world_1.17_nether
    x: -72.37305548363614
    y: 34.0
    z: 128.39080435497752
    yaw: -52.537994
    pitch: 34.501583
  net:
    world: world_1.17
    x: 589.4112223884041
    y: 65.0
    z: 2077.6523899557715
    yaw: 80.990295
    pitch: 26.700443
logoutlocation:
  world: world_1.17
  x: -1399.9111497670974
  y: 72.0
  z: 739.2679981902482
  yaw: 29.963348
  pitch: 18.75034
afk: false
