lastAccountName: Honza2
timestamps:
  login: 1641551270833
  lastteleport: 1641566864388
  logout: 1641567061538
ipAddress: 213.151.77.246
lastlocation:
  world: world_1.17
  x: -1352.435743908881
  y: 73.0
  z: 733.0043556968857
  yaw: 63.570496
  pitch: 29.70135
homes:
  home:
    world: world_1.17
    x: -1398.7846849451983
    y: 65.0
    z: 772.9680000166946
    yaw: -22.089388
    pitch: 12.750098
  a1:
    world: world_1.17
    x: -1445.8296839852778
    y: 77.0
    z: 713.605540050935
    yaw: -11.701324
    pitch: 12.302249
  net:
    world: world_1.17_nether
    x: 132.50448402074852
    y: 54.0
    z: -96.73177557987435
    yaw: -86.29964
    pitch: 8.699868
logoutlocation:
  world: world_1.17
  x: -1453.5298370424891
  y: 69.0
  z: 785.0450106273283
  yaw: 139.7653
  pitch: 23.100246
afk: false
