lastAccountName: Honza2
timestamps:
  login: 1641232763378
  lastteleport: 1641235285744
  logout: 1641236309793
ipAddress: 213.151.77.246
lastlocation:
  world: world_1.17
  x: -1430.750760911944
  y: 67.0
  z: 797.8254217880861
  yaw: 153.8579
  pitch: 15.750479
homes:
  home:
    world: world_1.17
    x: -1398.7846849451983
    y: 65.0
    z: 772.9680000166946
    yaw: -22.089388
    pitch: 12.750098
  a1:
    world: world_1.17
    x: -1380.3881816718058
    y: 79.0
    z: 801.9517467553175
    yaw: 84.705444
    pitch: 7.200433
  a2:
    world: world_1.17
    x: -1380.9032772434425
    y: 62.0
    z: 802.874358233971
    yaw: -175.71558
    pitch: 27.452467
logoutlocation:
  world: world_1.17
  x: -1387.1438006772696
  y: 62.0
  z: 793.8929533749814
  yaw: 9.380859
  pitch: 38.549324
afk: false
