lastAccountName: Honza2
timestamps:
  login: 1642520343915
  lastteleport: 1642522607840
  logout: 1642520226743
ipAddress: 147.32.96.50
lastlocation:
  world: world_1.17
  x: -1412.649464867076
  y: 58.0
  z: 752.4296196736341
  yaw: -23.277466
  pitch: 4.6498938
homes:
  home:
    world: world_1.17
    x: -1403.383568417799
    y: 57.0
    z: 781.4392731520517
    yaw: 90.26035
    pitch: 29.100143
  a1:
    world: world_1.17
    x: -1403.7280442310541
    y: 57.0
    z: 785.2902736640095
    yaw: 97.760345
    pitch: 27.300146
  net:
    world: world_1.17_nether
    x: 132.50448402074852
    y: 54.0
    z: -96.73177557987435
    yaw: -86.29964
    pitch: 8.699868
logoutlocation:
  world: world_1.17
  x: -1418.1394922621478
  y: 61.0
  z: 746.955635340301
  yaw: -52.846436
  pitch: -24.300121
afk: false
