lastAccountName: Honza2
timestamps:
  login: 1641472252084
  lastteleport: 1641481433176
  logout: 1641481559285
ipAddress: 213.151.77.246
lastlocation:
  world: world_1.17_nether
  x: -169.10813034520427
  y: 44.0
  z: 92.59988359178243
  yaw: -57.188934
  pitch: 28.800346
homes:
  home:
    world: world_1.17
    x: -1398.7846849451983
    y: 65.0
    z: 772.9680000166946
    yaw: -22.089388
    pitch: 12.750098
  a1:
    world: world_1.17
    x: -1370.793678278044
    y: 79.0
    z: 721.5382026163827
    yaw: 134.06021
    pitch: 41.10117
  net:
    world: world_1.17_nether
    x: 132.50448402074852
    y: 54.0
    z: -96.73177557987435
    yaw: -86.29964
    pitch: 8.699868
logoutlocation:
  world: world_1.17
  x: -1394.4106031168344
  y: 56.5625
  z: 757.081035060464
  yaw: 63.4093
  pitch: 20.400108
afk: false
