lastAccountName: Honza2
timestamps:
  login: 1643542725390
  lastteleport: 1643548628795
  logout: 1643548696024
ipAddress: 78.80.46.201
lastlocation:
  world: world_1.17_nether
  x: -769.5
  y: 117.0
  z: 750.5
  yaw: 49.31421
  pitch: 44.850307
homes:
  home:
    world: world_1.17
    x: -1402.7171091054984
    y: 57.0
    z: 782.1901543045643
    yaw: 11.510256
    pitch: 15.9002075
  a1:
    world: world_1.17_nether
    x: -769.543240457431
    y: 117.0
    z: 750.3000000119209
    yaw: 49.31421
    pitch: 44.850307
  net:
    world: world_1.17_nether
    x: 395.30000001192093
    y: 58.0
    z: -103.69999998807907
    yaw: -10.692688
    pitch: 21.60071
logoutlocation:
  world: world_1.17
  x: -1394.5137693816903
  y: 56.5625
  z: 757.5385205209549
  yaw: -178.08719
  pitch: 20.100132
afk: false
