lastAccountName: Honza2
timestamps:
  login: 1643542725390
  lastteleport: 1643543894660
  logout: 1643542498395
ipAddress: 78.80.46.201
lastlocation:
  world: world_1.17_nether
  x: -172.60739234802605
  y: 79.0
  z: 505.9512356281283
  yaw: 2.962738
  pitch: 69.90042
homes:
  home:
    world: world_1.17
    x: -1402.7171091054984
    y: 57.0
    z: 782.1901543045643
    yaw: 11.510256
    pitch: 15.9002075
  a1:
    world: world_1.17_nether
    x: 415.2318457382388
    y: 117.0
    z: -245.75988011828977
    yaw: -156.04024
    pitch: 19.950537
  net:
    world: world_1.17_nether
    x: 395.30000001192093
    y: 58.0
    z: -103.69999998807907
    yaw: -10.692688
    pitch: 21.60071
logoutlocation:
  world: world_1.17_nether
  x: -172.67117500867064
  y: 117.0
  z: 341.89108665503255
  yaw: 179.95862
  pitch: 10.800532
afk: false
