lastAccountName: Honza2
timestamps:
  login: 1643360997796
  lastteleport: 1643363249718
  logout: 1643363287265
ipAddress: 213.151.77.246
lastlocation:
  world: world_1.17
  x: -1410.5428123183203
  y: 27.0
  z: 749.5040674200511
  yaw: -108.94391
  pitch: 38.100502
homes:
  home:
    world: world_1.17
    x: -1403.383568417799
    y: 57.0
    z: 781.4392731520517
    yaw: 90.26035
    pitch: 29.100143
  a1:
    world: world_1.17_nether
    x: -72.37305548363614
    y: 34.0
    z: 128.39080435497752
    yaw: -52.537994
    pitch: 34.501583
  net:
    world: world_1.17_nether
    x: 395.30000001192093
    y: 58.0
    z: -103.69999998807907
    yaw: -10.692688
    pitch: 21.60071
logoutlocation:
  world: world_1.17
  x: -1403.27006822425
  y: 57.0
  z: 784.1820766546505
  yaw: 175.91003
  pitch: 15.450169
afk: false
