lastAccountName: Honza2
timestamps:
  login: 1641123784593
  lastteleport: 1641128974443
  logout: 1641073070439
ipAddress: 213.151.77.246
lastlocation:
  world: world_1.17
  x: -1368.5221380948362
  y: 28.875
  z: 719.3563301492218
  yaw: -43.539734
  pitch: 37.650036
homes:
  home:
    world: world_1.17
    x: -616.2798045520923
    y: 64.0
    z: 733.7605024665985
    yaw: -149.47144
    pitch: 27.601849
  les:
    world: world_1.17
    x: -1398.665406228013
    y: 65.0
    z: 774.1486773354758
    yaw: 156.72363
    pitch: 25.199892
  dul:
    world: world_1.17
    x: -1367.4654865868072
    y: 79.5
    z: 720.1746652797344
    yaw: 20.210852
    pitch: 47.250214
logoutlocation:
  world: world_1.17
  x: -1366.7333060830997
  y: 28.0
  z: 718.3000000119209
  yaw: 14.675771
  pitch: 6.449844
afk: false
