lastAccountName: Keeehi
timestamps:
  login: 1606094271992
  logout: 1606094142189
  lastteleport: 1606114145321
ipAddress: 89.177.225.70
logoutlocation:
  world: world
  x: 1450.5787279532613
  y: 247.0
  z: -1274.4556609463227
  yaw: -150.4471
  pitch: -21.000208
lastlocation:
  world: world_the_end
  x: 47.681572035283985
  y: 1.0
  z: -294.9213563826458
  yaw: 357.75107
  pitch: 18.29995
homes:
  village:
    world: world
    x: 1700.1687576421746
    y: 64.0
    z: 744.4638824126785
    yaw: -278.49377
    pitch: 5.700091
  e:
    world: world_the_end
    x: 41.5009900892349
    y: 1.0
    z: -297.3273075021807
    yaw: 238.50104
    pitch: 11.249966
  home:
    world: world
    x: 1459.8022395465819
    y: 210.0
    z: -1281.9931951383855
    yaw: 81.59747
    pitch: 13.199684
afk: false
