lastAccountName: Keeehi
timestamps:
  login: 1626955030894
  logout: 1626954911573
  lastteleport: 1626955913737
ipAddress: 89.177.225.70
logoutlocation:
  world: world_1.17_nether
  x: 336.4435225179498
  y: 67.875
  z: -34.8018799939012
  yaw: 56.263702
  pitch: 27.29991
lastlocation:
  world: world_1.17_nether
  x: 493.4740506233565
  y: 67.0
  z: -87.30000001192093
  yaw: 161.7732
  pitch: 31.800236
homes:
  village:
    world: world
    x: 1700.1687576421746
    y: 64.0
    z: 744.4638824126785
    yaw: -278.49377
    pitch: 5.700091
  e:
    world: world_the_end
    x: 41.5009900892349
    y: 1.0
    z: -297.3273075021807
    yaw: 238.50104
    pitch: 11.249966
  home:
    world: world_1.17
    x: 683.3324916157488
    y: 63.0
    z: -3411.189871088587
    yaw: -38.10498
    pitch: 15.150009
afk: false
