lastAccountName: Keeehi
timestamps:
  login: 1616537423627
  logout: 1616535170803
  lastteleport: 1616539627034
ipAddress: 89.177.225.70
logoutlocation:
  world: world
  x: 1177.177837533649
  y: 213.61745045209938
  z: -1370.0800236185203
  yaw: 98.54796
  pitch: 31.649275
lastlocation:
  world: world
  x: 1879.0477128753366
  y: 63.0
  z: 219.6452098260514
  yaw: 138.59698
  pitch: 8.100092
homes:
  village:
    world: world
    x: 1700.1687576421746
    y: 64.0
    z: 744.4638824126785
    yaw: -278.49377
    pitch: 5.700091
  e:
    world: world_the_end
    x: 41.5009900892349
    y: 1.0
    z: -297.3273075021807
    yaw: 238.50104
    pitch: 11.249966
  home:
    world: world
    x: 1459.8022395465819
    y: 210.0
    z: -1281.9931951383855
    yaw: 81.59747
    pitch: 13.199684
afk: false
