lastAccountName: Keeehi
timestamps:
  login: 1615660134699
  logout: 1615664671406
  lastteleport: 1615664264784
ipAddress: 89.177.225.70
logoutlocation:
  world: world
  x: -113.87667192288279
  y: 70.0
  z: 17.300586251446024
  yaw: 69.31354
  pitch: -19.350172
lastlocation:
  world: world
  x: 229.1859405626704
  y: 63.0
  z: -2624.8709286863314
  yaw: 59.94565
  pitch: -2.8498244
homes:
  village:
    world: world
    x: 1700.1687576421746
    y: 64.0
    z: 744.4638824126785
    yaw: -278.49377
    pitch: 5.700091
  e:
    world: world_the_end
    x: 41.5009900892349
    y: 1.0
    z: -297.3273075021807
    yaw: 238.50104
    pitch: 11.249966
  home:
    world: world
    x: 1459.8022395465819
    y: 210.0
    z: -1281.9931951383855
    yaw: 81.59747
    pitch: 13.199684
afk: false
