lastAccountName: Keeehi
timestamps:
  login: 1616352871887
  logout: 1616015413913
  lastteleport: 1616015255254
ipAddress: 89.177.225.70
logoutlocation:
  world: world
  x: -188.71929312564254
  y: 88.0
  z: 50.07865461279998
  yaw: -173.433
  pitch: -3.6001363
lastlocation:
  world: world
  x: -512.9860445584445
  y: 110.53796662131622
  z: 123.96473425019364
  yaw: 20.07544
  pitch: 28.350649
homes:
  village:
    world: world
    x: 1700.1687576421746
    y: 64.0
    z: 744.4638824126785
    yaw: -278.49377
    pitch: 5.700091
  e:
    world: world_the_end
    x: 41.5009900892349
    y: 1.0
    z: -297.3273075021807
    yaw: 238.50104
    pitch: 11.249966
  home:
    world: world
    x: 1459.8022395465819
    y: 210.0
    z: -1281.9931951383855
    yaw: 81.59747
    pitch: 13.199684
afk: false
