lastAccountName: Keeehi
timestamps:
  login: 1617801426041
  logout: 1617738661355
  lastteleport: 1617738648817
ipAddress: 213.192.1.30
logoutlocation:
  world: world
  x: 2275.531682409494
  y: 30.0
  z: -335.67909011682326
  yaw: 29.549774
  pitch: 15.600195
lastlocation:
  world: world
  x: 2271.8841716148822
  y: 28.0
  z: -340.3437181386172
  yaw: 43.17108
  pitch: 19.04962
homes:
  village:
    world: world
    x: 1700.1687576421746
    y: 64.0
    z: 744.4638824126785
    yaw: -278.49377
    pitch: 5.700091
  e:
    world: world_the_end
    x: 41.5009900892349
    y: 1.0
    z: -297.3273075021807
    yaw: 238.50104
    pitch: 11.249966
  home:
    world: world
    x: 1459.8022395465819
    y: 210.0
    z: -1281.9931951383855
    yaw: 81.59747
    pitch: 13.199684
afk: false
