lastAccountName: Keeehi
timestamps:
  login: 1617460593005
  logout: 1617460649557
  lastteleport: 1617044365703
ipAddress: 89.177.225.70
logoutlocation:
  world: world
  x: -59.816295077272
  y: 76.0
  z: 119.6221425621267
  yaw: 87.89518
  pitch: -2.1000926
lastlocation:
  world: world
  x: -134.56218804845548
  y: 39.0
  z: 58.485904563163224
  yaw: 131.22855
  pitch: 41.400288
homes:
  village:
    world: world
    x: 1700.1687576421746
    y: 64.0
    z: 744.4638824126785
    yaw: -278.49377
    pitch: 5.700091
  e:
    world: world_the_end
    x: 41.5009900892349
    y: 1.0
    z: -297.3273075021807
    yaw: 238.50104
    pitch: 11.249966
  home:
    world: world
    x: 1459.8022395465819
    y: 210.0
    z: -1281.9931951383855
    yaw: 81.59747
    pitch: 13.199684
afk: false
