lastAccountName: Keeehi
timestamps:
  login: 1606321596831
  logout: 1606314622120
  lastteleport: 1606321734404
ipAddress: 89.177.225.70
logoutlocation:
  world: world
  x: -90.48452235434542
  y: 71.0
  z: 55.83999086249794
  yaw: 234.7511
  pitch: 23.849962
lastlocation:
  world: world
  x: -69.43074655892562
  y: 7.0
  z: -20.221297131471832
  yaw: 165.59772
  pitch: 8.550718
homes:
  village:
    world: world
    x: 1700.1687576421746
    y: 64.0
    z: 744.4638824126785
    yaw: -278.49377
    pitch: 5.700091
  e:
    world: world_the_end
    x: 41.5009900892349
    y: 1.0
    z: -297.3273075021807
    yaw: 238.50104
    pitch: 11.249966
  home:
    world: world
    x: 1459.8022395465819
    y: 210.0
    z: -1281.9931951383855
    yaw: 81.59747
    pitch: 13.199684
afk: false
