lastAccountName: Keeehi
timestamps:
  login: 1606953489786
  logout: 1606954795415
  lastteleport: 1606954667824
ipAddress: 89.177.225.70
logoutlocation:
  world: world
  x: -43.715163123201116
  y: 71.0
  z: 73.09340518708964
  yaw: 340.35938
  pitch: 8.849864
lastlocation:
  world: world_the_end
  x: 46.87787308856453
  y: 1.0
  z: -297.06465914376713
  yaw: 185.40474
  pitch: 3.8999903
homes:
  village:
    world: world
    x: 1700.1687576421746
    y: 64.0
    z: 744.4638824126785
    yaw: -278.49377
    pitch: 5.700091
  e:
    world: world_the_end
    x: 41.5009900892349
    y: 1.0
    z: -297.3273075021807
    yaw: 238.50104
    pitch: 11.249966
  home:
    world: world
    x: 1459.8022395465819
    y: 210.0
    z: -1281.9931951383855
    yaw: 81.59747
    pitch: 13.199684
afk: false
