lastAccountName: Keeehi
timestamps:
  login: 1611074397925
  logout: 1611075503230
  lastteleport: 1611075270031
ipAddress: 89.177.225.70
logoutlocation:
  world: world
  x: -116.98631947992173
  y: 71.0
  z: 40.662189656477416
  yaw: -181.68242
  pitch: 1.7996418
lastlocation:
  world: world
  x: -297.8566326812842
  y: 51.0
  z: 628.754882289361
  yaw: -47.131786
  pitch: -4.50006
homes:
  village:
    world: world
    x: 1700.1687576421746
    y: 64.0
    z: 744.4638824126785
    yaw: -278.49377
    pitch: 5.700091
  e:
    world: world_the_end
    x: 41.5009900892349
    y: 1.0
    z: -297.3273075021807
    yaw: 238.50104
    pitch: 11.249966
  home:
    world: world
    x: 1459.8022395465819
    y: 210.0
    z: -1281.9931951383855
    yaw: 81.59747
    pitch: 13.199684
afk: false
