lastAccountName: Keeehi
timestamps:
  login: 1607554391940
  logout: 1607554493961
  lastteleport: 1607553908870
ipAddress: 89.177.225.70
logoutlocation:
  world: world_nether
  x: -28.430767888185912
  y: 128.0
  z: -10.39824285596137
  yaw: -229.30481
  pitch: 5.699457
lastlocation:
  world: world
  x: -43.54214582732424
  y: 69.0
  z: 108.44601139600734
  yaw: 203.36462
  pitch: 5.249842
homes:
  village:
    world: world
    x: 1700.1687576421746
    y: 64.0
    z: 744.4638824126785
    yaw: -278.49377
    pitch: 5.700091
  e:
    world: world_the_end
    x: 41.5009900892349
    y: 1.0
    z: -297.3273075021807
    yaw: 238.50104
    pitch: 11.249966
  home:
    world: world
    x: 1459.8022395465819
    y: 210.0
    z: -1281.9931951383855
    yaw: 81.59747
    pitch: 13.199684
afk: false
