lastAccountName: Keeehi
timestamps:
  login: 1605986221975
  logout: 1605968288252
  lastteleport: 1605997201012
ipAddress: 89.177.225.70
logoutlocation:
  world: world
  x: 1451.5
  y: 63.5625
  z: -1279.5
  yaw: -4.94156E-6
  pitch: 0.0
lastlocation:
  world: world
  x: -78.5
  y: 69.0
  z: 30.5
  yaw: -296.4335
  pitch: -19.200024
homes:
  village:
    world: world
    x: 1700.1687576421746
    y: 64.0
    z: 744.4638824126785
    yaw: -278.49377
    pitch: 5.700091
  e:
    world: world_the_end
    x: 41.5009900892349
    y: 1.0
    z: -297.3273075021807
    yaw: 238.50104
    pitch: 11.249966
  home:
    world: world
    x: 1304.3850296892379
    y: 65.9375
    z: -1185.5790573278598
    yaw: 183.29942
    pitch: -0.29956716
afk: false
