lastAccountName: Keeehi
timestamps:
  login: 1617024860707
  logout: 1617035656801
  lastteleport: 1617035543003
ipAddress: 89.177.225.70
logoutlocation:
  world: world
  x: 2274.343750539171
  y: 30.0
  z: -338.24223300237384
  yaw: 240.44495
  pitch: -0.29985476
lastlocation:
  world: world
  x: 2272.300000011921
  y: 5.0
  z: -393.9532026930403
  yaw: 347.86237
  pitch: 10.051672
homes:
  village:
    world: world
    x: 1700.1687576421746
    y: 64.0
    z: 744.4638824126785
    yaw: -278.49377
    pitch: 5.700091
  e:
    world: world_the_end
    x: 41.5009900892349
    y: 1.0
    z: -297.3273075021807
    yaw: 238.50104
    pitch: 11.249966
  home:
    world: world
    x: 1459.8022395465819
    y: 210.0
    z: -1281.9931951383855
    yaw: 81.59747
    pitch: 13.199684
afk: false
