lastAccountName: Keeehi
timestamps:
  login: 1606321596831
  logout: 1606324009639
  lastteleport: 1606323794127
ipAddress: 89.177.225.70
logoutlocation:
  world: world
  x: -43.76852438260288
  y: 69.0
  z: 107.3197365353782
  yaw: 304.17294
  pitch: 34.05018
lastlocation:
  world: world
  x: -89.06935880859885
  y: 75.875
  z: 95.67449270131789
  yaw: 241.79059
  pitch: 9.150415
homes:
  village:
    world: world
    x: 1700.1687576421746
    y: 64.0
    z: 744.4638824126785
    yaw: -278.49377
    pitch: 5.700091
  e:
    world: world_the_end
    x: 41.5009900892349
    y: 1.0
    z: -297.3273075021807
    yaw: 238.50104
    pitch: 11.249966
  home:
    world: world
    x: 1459.8022395465819
    y: 210.0
    z: -1281.9931951383855
    yaw: 81.59747
    pitch: 13.199684
afk: false
