lastAccountName: Keeehi
timestamps:
  login: 1605773402106
  logout: 1605773318387
  lastteleport: 1605776608475
ipAddress: 89.177.225.70
logoutlocation:
  world: world
  x: -121.94158644989058
  y: 15.0
  z: 14.304443677542103
  yaw: 92.049965
  pitch: 35.700054
lastlocation:
  world: world
  x: -118.58513237754477
  y: 67.125
  z: 14.477970351612981
  yaw: 108.4261
  pitch: -26.24889
homes:
  village:
    world: world
    x: 1700.1687576421746
    y: 64.0
    z: 744.4638824126785
    yaw: -278.49377
    pitch: 5.700091
  e:
    world: world_the_end
    x: 41.5009900892349
    y: 1.0
    z: -297.3273075021807
    yaw: 238.50104
    pitch: 11.249966
  home:
    world: world
    x: -190.2713646572314
    y: 88.0
    z: 44.45812741679599
    yaw: -87.29989
    pitch: 12.749994
afk: false
