lastAccountName: Keeehi
timestamps:
  login: 1608300280557
  logout: 1608302915969
  lastteleport: 1608302160518
ipAddress: 213.192.1.30
logoutlocation:
  world: world
  x: -34.81631686279997
  y: 70.0
  z: 99.34727532382514
  yaw: 83.743286
  pitch: 10.350157
lastlocation:
  world: world
  x: -64.30000001192093
  y: 51.0
  z: 63.30000001192093
  yaw: -185.86482
  pitch: 3.5998921
homes:
  village:
    world: world
    x: 1700.1687576421746
    y: 64.0
    z: 744.4638824126785
    yaw: -278.49377
    pitch: 5.700091
  e:
    world: world_the_end
    x: 41.5009900892349
    y: 1.0
    z: -297.3273075021807
    yaw: 238.50104
    pitch: 11.249966
  home:
    world: world
    x: 1459.8022395465819
    y: 210.0
    z: -1281.9931951383855
    yaw: 81.59747
    pitch: 13.199684
afk: false
