lastAccountName: Keeehi
timestamps:
  login: 1610917882016
  logout: 1609549927543
  lastteleport: 1610920656334
ipAddress: 89.177.225.70
logoutlocation:
  world: world
  x: -155.51676839382395
  y: 66.0
  z: 133.83584174570797
  yaw: 64.16864
  pitch: 16.200233
lastlocation:
  world: world_nether
  x: -28.68916968515629
  y: 64.0
  z: -10.699999988079071
  yaw: -29.5491
  pitch: 63.900208
homes:
  village:
    world: world
    x: 1700.1687576421746
    y: 64.0
    z: 744.4638824126785
    yaw: -278.49377
    pitch: 5.700091
  e:
    world: world_the_end
    x: 41.5009900892349
    y: 1.0
    z: -297.3273075021807
    yaw: 238.50104
    pitch: 11.249966
  home:
    world: world
    x: 1459.8022395465819
    y: 210.0
    z: -1281.9931951383855
    yaw: 81.59747
    pitch: 13.199684
afk: false
