lastAccountName: Keeehi
timestamps:
  login: 1606950418336
  logout: 1606950409699
  lastteleport: 1606950839915
ipAddress: 89.177.225.70
logoutlocation:
  world: world
  x: -49.69999998807907
  y: 69.125
  z: 109.33994437302783
  yaw: 104.06651
  pitch: 9.449925
lastlocation:
  world: world
  x: -48.69999998807907
  y: 66.0
  z: 103.60528049606773
  yaw: -56.380737
  pitch: -1.0500625
homes:
  village:
    world: world
    x: 1700.1687576421746
    y: 64.0
    z: 744.4638824126785
    yaw: -278.49377
    pitch: 5.700091
  e:
    world: world_the_end
    x: 41.5009900892349
    y: 1.0
    z: -297.3273075021807
    yaw: 238.50104
    pitch: 11.249966
  home:
    world: world
    x: 1459.8022395465819
    y: 210.0
    z: -1281.9931951383855
    yaw: 81.59747
    pitch: 13.199684
afk: false
