lastAccountName: Keeehi
timestamps:
  login: 1605953785763
  logout: 1605953735956
  lastteleport: 1605954006895
ipAddress: 89.177.225.70
logoutlocation:
  world: world
  x: -189.5
  y: 88.0
  z: 44.5
  yaw: -90.0
  pitch: 0.0
lastlocation:
  world: world
  x: 1449.2572830666954
  y: 63.0
  z: -1278.1172204977659
  yaw: -161.70226
  pitch: 34.35027
homes:
  village:
    world: world
    x: 1700.1687576421746
    y: 64.0
    z: 744.4638824126785
    yaw: -278.49377
    pitch: 5.700091
  e:
    world: world_the_end
    x: 41.5009900892349
    y: 1.0
    z: -297.3273075021807
    yaw: 238.50104
    pitch: 11.249966
  home:
    world: world
    x: 1449.5650947149538
    y: 63.0
    z: -1278.6369968491722
    yaw: -136.80142
    pitch: 3.7503629
afk: false
