lastAccountName: Keeehi
timestamps:
  login: 1605986221975
  logout: 1605968288252
  lastteleport: 1605993169600
ipAddress: 89.177.225.70
logoutlocation:
  world: world
  x: 1451.5
  y: 63.5625
  z: -1279.5
  yaw: -4.94156E-6
  pitch: 0.0
lastlocation:
  world: world_the_end
  x: 47.45178376565903
  y: 1.0
  z: -294.65111775574337
  yaw: 186.60345
  pitch: -3.0000477
homes:
  village:
    world: world
    x: 1700.1687576421746
    y: 64.0
    z: 744.4638824126785
    yaw: -278.49377
    pitch: 5.700091
  e:
    world: world_the_end
    x: 41.5009900892349
    y: 1.0
    z: -297.3273075021807
    yaw: 238.50104
    pitch: 11.249966
  home:
    world: world
    x: 1341.3173699723693
    y: 63.0
    z: -1233.6800715226213
    yaw: -110.849
    pitch: -16.049591
afk: false
