lastAccountName: Keeehi
timestamps:
  login: 1606774716271
  logout: 1606777918838
  lastteleport: 1606775943742
ipAddress: 89.177.225.70
logoutlocation:
  world: world
  x: -188.84263639694416
  y: 89.0
  z: 43.164345977263906
  yaw: -67.050415
  pitch: -5.7000113
lastlocation:
  world: world
  x: -67.41529403138412
  y: 70.20000004768372
  z: 104.69999998807907
  yaw: 9.014252
  pitch: -16.050386
homes:
  village:
    world: world
    x: 1700.1687576421746
    y: 64.0
    z: 744.4638824126785
    yaw: -278.49377
    pitch: 5.700091
  e:
    world: world_the_end
    x: 41.5009900892349
    y: 1.0
    z: -297.3273075021807
    yaw: 238.50104
    pitch: 11.249966
  home:
    world: world
    x: 1459.8022395465819
    y: 210.0
    z: -1281.9931951383855
    yaw: 81.59747
    pitch: 13.199684
afk: false
