lastAccountName: Keeehi
timestamps:
  login: 1606067909949
  logout: 1606064402949
  lastteleport: 1606077166409
ipAddress: 89.177.225.70
logoutlocation:
  world: world
  x: -128.3255801251758
  y: 15.0
  z: 14.327567817539547
  yaw: 134.54428
  pitch: -6.150156
lastlocation:
  world: world
  x: 1450.3020108384296
  y: 116.0
  z: -1277.191636527211
  yaw: 5.2163696
  pitch: 61.95008
homes:
  village:
    world: world
    x: 1700.1687576421746
    y: 64.0
    z: 744.4638824126785
    yaw: -278.49377
    pitch: 5.700091
  e:
    world: world_the_end
    x: 41.5009900892349
    y: 1.0
    z: -297.3273075021807
    yaw: 238.50104
    pitch: 11.249966
  home:
    world: world
    x: 1459.2959971578987
    y: 210.0
    z: -1280.765131112446
    yaw: 78.750854
    pitch: 24.750814
afk: true
