lastAccountName: Keeehi
timestamps:
  login: 1605899211442
  logout: 1605899165737
  lastteleport: 1605901197592
ipAddress: 89.177.225.70
logoutlocation:
  world: world
  x: -120.9764041621925
  y: 69.0
  z: 14.310787224179572
  yaw: 327.87256
  pitch: 52.649857
lastlocation:
  world: world
  x: -187.64295569860656
  y: 88.0
  z: 43.16638804695247
  yaw: 55.357788
  pitch: 65.25034
homes:
  village:
    world: world
    x: 1700.1687576421746
    y: 64.0
    z: 744.4638824126785
    yaw: -278.49377
    pitch: 5.700091
  e:
    world: world_the_end
    x: 41.5009900892349
    y: 1.0
    z: -297.3273075021807
    yaw: 238.50104
    pitch: 11.249966
  home:
    world: world
    x: -190.2713646572314
    y: 88.0
    z: 44.45812741679599
    yaw: -87.29989
    pitch: 12.749994
afk: false
