lastAccountName: Keeehi
timestamps:
  login: 1605986221975
  logout: 1606003435838
  lastteleport: 1606003283267
ipAddress: 89.177.225.70
logoutlocation:
  world: world
  x: 1455.5180885731904
  y: 210.0
  z: -1281.2624979623815
  yaw: 91.796326
  pitch: 15.4492655
lastlocation:
  world: world
  x: 1457.4371843191545
  y: 210.0
  z: -1281.2342482931595
  yaw: 268.21188
  pitch: 20.100676
homes:
  village:
    world: world
    x: 1700.1687576421746
    y: 64.0
    z: 744.4638824126785
    yaw: -278.49377
    pitch: 5.700091
  e:
    world: world_the_end
    x: 41.5009900892349
    y: 1.0
    z: -297.3273075021807
    yaw: 238.50104
    pitch: 11.249966
  home:
    world: world
    x: 1313.3061623406738
    y: 61.0
    z: -1180.2558886805587
    yaw: 270.90292
    pitch: 0.30072522
afk: false
