lastAccountName: Keeehi
timestamps:
  login: 1609115176427
  logout: 1609030051088
  lastteleport: 1609127117892
ipAddress: 89.177.225.70
logoutlocation:
  world: world_nether
  x: -29.97275032510458
  y: 128.0
  z: -10.517378417342826
  yaw: 267.9109
  pitch: 35.999424
lastlocation:
  world: world
  x: -79.66723244786199
  y: 72.0
  z: -20.353770953102607
  yaw: 326.51865
  pitch: 22.649942
homes:
  village:
    world: world
    x: 1700.1687576421746
    y: 64.0
    z: 744.4638824126785
    yaw: -278.49377
    pitch: 5.700091
  e:
    world: world_the_end
    x: 41.5009900892349
    y: 1.0
    z: -297.3273075021807
    yaw: 238.50104
    pitch: 11.249966
  home:
    world: world
    x: 1459.8022395465819
    y: 210.0
    z: -1281.9931951383855
    yaw: 81.59747
    pitch: 13.199684
afk: false
