lastAccountName: Keeehi
timestamps:
  login: 1605586589162
  logout: 1605586547809
  lastteleport: 1605587668389
ipAddress: 89.177.225.70
logoutlocation:
  world: world
  x: -45.74818278113783
  y: 69.0
  z: 108.99813933613902
  yaw: 92.547455
  pitch: -6.299926
lastlocation:
  world: world
  x: 465.70179575892496
  y: 70.0
  z: -430.49783622967675
  yaw: 270.34448
  pitch: 9.899915
homes:
  village:
    world: world
    x: 1700.1687576421746
    y: 64.0
    z: 744.4638824126785
    yaw: -278.49377
    pitch: 5.700091
  e:
    world: world_the_end
    x: 41.5009900892349
    y: 1.0
    z: -297.3273075021807
    yaw: 238.50104
    pitch: 11.249966
  home:
    world: world
    x: 323.0207473464604
    y: 66.0
    z: -150.07622381075143
    yaw: -60.000786
    pitch: 22.199997
afk: false
