lastAccountName: Keeehi
timestamps:
  login: 1611001797229
  logout: 1610996199382
  lastteleport: 1611005457045
ipAddress: 89.177.225.70
logoutlocation:
  world: world_the_end
  x: 47.63630835821834
  y: 1.5
  z: -299.8827947590869
  yaw: 183.30148
  pitch: -2.9869378E-5
lastlocation:
  world: world
  x: -2063.4540831346503
  y: 70.0
  z: 742.5803007992749
  yaw: 172.96973
  pitch: -4.800247
homes:
  village:
    world: world
    x: 1700.1687576421746
    y: 64.0
    z: 744.4638824126785
    yaw: -278.49377
    pitch: 5.700091
  e:
    world: world_the_end
    x: 41.5009900892349
    y: 1.0
    z: -297.3273075021807
    yaw: 238.50104
    pitch: 11.249966
  home:
    world: world
    x: 1459.8022395465819
    y: 210.0
    z: -1281.9931951383855
    yaw: 81.59747
    pitch: 13.199684
afk: false
