lastAccountName: Keeehi
timestamps:
  login: 1616687590922
  logout: 1616635945110
  lastteleport: 1616701244373
ipAddress: 89.177.225.70
logoutlocation:
  world: world
  x: 2321.4469855695247
  y: 40.0
  z: -382.80871919791423
  yaw: 83.57526
  pitch: -1.1998985
lastlocation:
  world: world_the_end
  x: 47.48781811683397
  y: 1.0
  z: -297.09002135373026
  yaw: 181.80345
  pitch: 7.499995
homes:
  village:
    world: world
    x: 1700.1687576421746
    y: 64.0
    z: 744.4638824126785
    yaw: -278.49377
    pitch: 5.700091
  e:
    world: world_the_end
    x: 41.5009900892349
    y: 1.0
    z: -297.3273075021807
    yaw: 238.50104
    pitch: 11.249966
  home:
    world: world
    x: 1459.8022395465819
    y: 210.0
    z: -1281.9931951383855
    yaw: 81.59747
    pitch: 13.199684
afk: false
