lastAccountName: Keeehi
timestamps:
  login: 1611085219569
  logout: 1611097002178
  lastteleport: 1611095637132
ipAddress: 89.177.225.70
logoutlocation:
  world: lobby
  x: 76.4948731570502
  y: 32.9375
  z: 35.172794809805744
  yaw: 3.905673
  pitch: -9.749083
lastlocation:
  world: world
  x: -64.3727687952985
  y: 76.0
  z: 111.08624771518008
  yaw: 285.15567
  pitch: -0.8996573
homes:
  village:
    world: world
    x: 1700.1687576421746
    y: 64.0
    z: 744.4638824126785
    yaw: -278.49377
    pitch: 5.700091
  e:
    world: world_the_end
    x: 41.5009900892349
    y: 1.0
    z: -297.3273075021807
    yaw: 238.50104
    pitch: 11.249966
  home:
    world: world
    x: 1459.8022395465819
    y: 210.0
    z: -1281.9931951383855
    yaw: 81.59747
    pitch: 13.199684
afk: false
