lastAccountName: Keeehi
timestamps:
  login: 1608300280557
  logout: 1608300161161
  lastteleport: 1608301057324
ipAddress: 213.192.1.30
logoutlocation:
  world: world_nether
  x: -32.484160472744705
  y: 128.0
  z: -10.929735900434933
  yaw: 112.25012
  pitch: -50.70028
lastlocation:
  world: world
  x: 1459.5
  y: 210.0
  z: -1281.5
  yaw: 81.59747
  pitch: 13.199684
homes:
  village:
    world: world
    x: 1700.1687576421746
    y: 64.0
    z: 744.4638824126785
    yaw: -278.49377
    pitch: 5.700091
  e:
    world: world_the_end
    x: 41.5009900892349
    y: 1.0
    z: -297.3273075021807
    yaw: 238.50104
    pitch: 11.249966
  home:
    world: world
    x: 1459.8022395465819
    y: 210.0
    z: -1281.9931951383855
    yaw: 81.59747
    pitch: 13.199684
afk: false
