lastAccountName: Keeehi
timestamps:
  login: 1606313551397
  logout: 1606314622120
  lastteleport: 1606314597276
ipAddress: 89.177.225.70
logoutlocation:
  world: world
  x: -90.48452235434542
  y: 71.0
  z: 55.83999086249794
  yaw: 234.7511
  pitch: 23.849962
lastlocation:
  world: world
  x: 0.27570758137000945
  y: 70.0
  z: 478.4975881897754
  yaw: -185.00342
  pitch: -2.7001731
homes:
  village:
    world: world
    x: 1700.1687576421746
    y: 64.0
    z: 744.4638824126785
    yaw: -278.49377
    pitch: 5.700091
  e:
    world: world_the_end
    x: 41.5009900892349
    y: 1.0
    z: -297.3273075021807
    yaw: 238.50104
    pitch: 11.249966
  home:
    world: world
    x: 1459.8022395465819
    y: 210.0
    z: -1281.9931951383855
    yaw: 81.59747
    pitch: 13.199684
afk: false
