lastAccountName: Keeehi
timestamps:
  login: 1605922481510
  logout: 1605928036788
  lastteleport: 1605925258188
ipAddress: 89.177.225.70
logoutlocation:
  world: world
  x: -128.21574454004198
  y: 15.0
  z: 13.88123984658665
  yaw: 273.8645
  pitch: 11.3988285
lastlocation:
  world: world
  x: -189.63770123518685
  y: 88.0
  z: 41.48293373423003
  yaw: -27.333542
  pitch: 24.899864
homes:
  village:
    world: world
    x: 1700.1687576421746
    y: 64.0
    z: 744.4638824126785
    yaw: -278.49377
    pitch: 5.700091
  e:
    world: world_the_end
    x: 41.5009900892349
    y: 1.0
    z: -297.3273075021807
    yaw: 238.50104
    pitch: 11.249966
  home:
    world: world_the_end
    x: 987.5531084040446
    y: 55.0
    z: 985.3000000119209
    yaw: 1.7296143
    pitch: 12.899712
afk: false
