lastAccountName: Keeehi
timestamps:
  login: 1605749514434
  logout: 1605749469738
  lastteleport: 1605758533466
ipAddress: 89.177.225.70
logoutlocation:
  world: world
  x: 388.52403241308934
  y: 69.0
  z: -95.6915479695836
  yaw: 142.95032
  pitch: -2.5499136
lastlocation:
  world: world
  x: -121.69999998807907
  y: 69.0
  z: 12.949126280616035
  yaw: 273.0066
  pitch: 5.2516294
homes:
  village:
    world: world
    x: 1700.1687576421746
    y: 64.0
    z: 744.4638824126785
    yaw: -278.49377
    pitch: 5.700091
  e:
    world: world_the_end
    x: 41.5009900892349
    y: 1.0
    z: -297.3273075021807
    yaw: 238.50104
    pitch: 11.249966
  home:
    world: world
    x: -190.2713646572314
    y: 88.0
    z: 44.45812741679599
    yaw: -87.29989
    pitch: 12.749994
afk: true
