lastAccountName: Keeehi
timestamps:
  login: 1611180744897
  logout: 1611180714210
  lastteleport: 1611184175063
ipAddress: 46.135.1.33
logoutlocation:
  world: lobby
  x: 86.39725212320586
  y: 32.53673514854228
  z: -56.04187952803844
  yaw: 16.512024
  pitch: 49.949688
lastlocation:
  world: lobby
  x: 15.153075533782513
  y: 3.6356597451012025
  z: -7.6987127803554385
  yaw: -116.100334
  pitch: 16.050016
homes:
  village:
    world: world
    x: 1700.1687576421746
    y: 64.0
    z: 744.4638824126785
    yaw: -278.49377
    pitch: 5.700091
  e:
    world: world_the_end
    x: 41.5009900892349
    y: 1.0
    z: -297.3273075021807
    yaw: 238.50104
    pitch: 11.249966
  home:
    world: world
    x: 1459.8022395465819
    y: 210.0
    z: -1281.9931951383855
    yaw: 81.59747
    pitch: 13.199684
afk: false
