lastAccountName: Keeehi
timestamps:
  login: 1605592828110
  logout: 1605592763314
  lastteleport: 1605595592894
ipAddress: 89.177.225.70
logoutlocation:
  world: world
  x: 355.07576490062337
  y: 30.5
  z: -122.00470514813331
  yaw: 86.70016
  pitch: 49.95031
lastlocation:
  world: world
  x: 353.8250402874139
  y: 30.5
  z: -150.42088505625696
  yaw: 86.253845
  pitch: 13.049298
homes:
  village:
    world: world
    x: 1700.1687576421746
    y: 64.0
    z: 744.4638824126785
    yaw: -278.49377
    pitch: 5.700091
  e:
    world: world_the_end
    x: 41.5009900892349
    y: 1.0
    z: -297.3273075021807
    yaw: 238.50104
    pitch: 11.249966
  home:
    world: world
    x: 323.0207473464604
    y: 66.0
    z: -150.07622381075143
    yaw: -60.000786
    pitch: 22.199997
afk: false
