lastAccountName: Keeehi
timestamps:
  login: 1609016552031
  logout: 1608971722189
  lastteleport: 1609026429900
ipAddress: 89.177.225.70
logoutlocation:
  world: world
  x: -240.31500191830895
  y: 134.0
  z: -102.39164443767866
  yaw: -41.132683
  pitch: 25.499947
lastlocation:
  world: world_nether
  x: -24.45957894496438
  y: 65.0
  z: -6.300000011920927
  yaw: 263.32642
  pitch: 33.150494
homes:
  village:
    world: world
    x: 1700.1687576421746
    y: 64.0
    z: 744.4638824126785
    yaw: -278.49377
    pitch: 5.700091
  e:
    world: world_the_end
    x: 41.5009900892349
    y: 1.0
    z: -297.3273075021807
    yaw: 238.50104
    pitch: 11.249966
  home:
    world: world
    x: 1459.8022395465819
    y: 210.0
    z: -1281.9931951383855
    yaw: 81.59747
    pitch: 13.199684
afk: false
