lastAccountName: Keeehi
timestamps:
  login: 1605589213458
  logout: 1605588929261
  lastteleport: 1605591289945
ipAddress: 89.177.225.70
logoutlocation:
  world: world
  x: 345.0767402548162
  y: 31.5
  z: -148.40164729437578
  yaw: 77.8855
  pitch: 29.999691
lastlocation:
  world: world
  x: 330.2125700548492
  y: 5.0625
  z: -147.50089473093743
  yaw: 344.4056
  pitch: -1.7997162
homes:
  village:
    world: world
    x: 1700.1687576421746
    y: 64.0
    z: 744.4638824126785
    yaw: -278.49377
    pitch: 5.700091
  e:
    world: world_the_end
    x: 41.5009900892349
    y: 1.0
    z: -297.3273075021807
    yaw: 238.50104
    pitch: 11.249966
  home:
    world: world
    x: 323.0207473464604
    y: 66.0
    z: -150.07622381075143
    yaw: -60.000786
    pitch: 22.199997
afk: false
