lastAccountName: Keeehi
timestamps:
  login: 1610922863140
  logout: 1610923546031
  lastteleport: 1610923541099
ipAddress: 89.177.225.70
logoutlocation:
  world: world
  x: -78.5
  y: 69.0
  z: 30.5
  yaw: -269.7336
  pitch: -19.800022
lastlocation:
  world: world_nether
  x: 589.7436696968922
  y: 67.0
  z: 156.36143186966132
  yaw: 291.75504
  pitch: 7.9501624
homes:
  village:
    world: world
    x: 1700.1687576421746
    y: 64.0
    z: 744.4638824126785
    yaw: -278.49377
    pitch: 5.700091
  e:
    world: world_the_end
    x: 41.5009900892349
    y: 1.0
    z: -297.3273075021807
    yaw: 238.50104
    pitch: 11.249966
  home:
    world: world
    x: 1459.8022395465819
    y: 210.0
    z: -1281.9931951383855
    yaw: 81.59747
    pitch: 13.199684
afk: false
