lastAccountName: Keeehi
timestamps:
  login: 1608961715090
  logout: 1608931082488
  lastteleport: 1608968980417
ipAddress: 213.192.1.30
logoutlocation:
  world: world_nether
  x: -29.56386964225559
  y: 125.0
  z: -13.547452528610552
  yaw: 104.50657
  pitch: 3.1497788
lastlocation:
  world: world
  x: -599.2672106053416
  y: 37.0
  z: 364.78728546685664
  yaw: 344.37244
  pitch: 9.150142
homes:
  village:
    world: world
    x: 1700.1687576421746
    y: 64.0
    z: 744.4638824126785
    yaw: -278.49377
    pitch: 5.700091
  e:
    world: world_the_end
    x: 41.5009900892349
    y: 1.0
    z: -297.3273075021807
    yaw: 238.50104
    pitch: 11.249966
  home:
    world: world
    x: 1459.8022395465819
    y: 210.0
    z: -1281.9931951383855
    yaw: 81.59747
    pitch: 13.199684
afk: false
