lastAccountName: Keeehi
timestamps:
  login: 1605831251633
  logout: 1605831442542
  lastteleport: 1605831422679
ipAddress: 89.177.225.70
logoutlocation:
  world: world
  x: -124.12375091908775
  y: 15.0
  z: 14.699999988079071
  yaw: -130.53311
  pitch: 11.700012
lastlocation:
  world: world
  x: 1449.4425004803559
  y: 63.0
  z: -1279.2305178802344
  yaw: 8.795
  pitch: -0.9000465
homes:
  village:
    world: world
    x: 1700.1687576421746
    y: 64.0
    z: 744.4638824126785
    yaw: -278.49377
    pitch: 5.700091
  e:
    world: world_the_end
    x: 41.5009900892349
    y: 1.0
    z: -297.3273075021807
    yaw: 238.50104
    pitch: 11.249966
  home:
    world: world
    x: -190.2713646572314
    y: 88.0
    z: 44.45812741679599
    yaw: -87.29989
    pitch: 12.749994
afk: false
