lastAccountName: Keeehi
timestamps:
  login: 1611158656854
  logout: 1611150061031
  lastteleport: 1611095637132
ipAddress: 89.177.225.70
logoutlocation:
  world: lobby
  x: 7.53087946018472
  y: 64.0
  z: 0.3473251225593726
  yaw: -86.904175
  pitch: 18.000435
lastlocation:
  world: lobby
  x: 77.8645951035564
  y: 1.429189044186019
  z: -74.8060112219269
  yaw: 4.010071
  pitch: -14.700553
homes:
  village:
    world: world
    x: 1700.1687576421746
    y: 64.0
    z: 744.4638824126785
    yaw: -278.49377
    pitch: 5.700091
  e:
    world: world_the_end
    x: 41.5009900892349
    y: 1.0
    z: -297.3273075021807
    yaw: 238.50104
    pitch: 11.249966
  home:
    world: world
    x: 1459.8022395465819
    y: 210.0
    z: -1281.9931951383855
    yaw: 81.59747
    pitch: 13.199684
afk: false
