lastAccountName: Keeehi
timestamps:
  login: 1616352871887
  logout: 1616358577702
  lastteleport: 1616357340473
ipAddress: 89.177.225.70
logoutlocation:
  world: world
  x: -188.69164808176197
  y: 88.875
  z: 41.31043930254105
  yaw: 350.89893
  pitch: 0.14975096
lastlocation:
  world: world
  x: 1694.272211929702
  y: 64.875
  z: 746.8419889635243
  yaw: -125.64174
  pitch: 25.50011
homes:
  village:
    world: world
    x: 1700.1687576421746
    y: 64.0
    z: 744.4638824126785
    yaw: -278.49377
    pitch: 5.700091
  e:
    world: world_the_end
    x: 41.5009900892349
    y: 1.0
    z: -297.3273075021807
    yaw: 238.50104
    pitch: 11.249966
  home:
    world: world
    x: 1459.8022395465819
    y: 210.0
    z: -1281.9931951383855
    yaw: 81.59747
    pitch: 13.199684
afk: false
