lastAccountName: Keeehi
timestamps:
  login: 1605772344137
  logout: 1605772292090
  lastteleport: 1605772500271
ipAddress: 89.177.225.70
logoutlocation:
  world: world
  x: -121.30000001192093
  y: 19.0
  z: 14.699999988079071
  yaw: 128.25154
  pitch: 78.89989
lastlocation:
  world: world
  x: -121.39969708849566
  y: 15.0
  z: 14.494888296295255
  yaw: 27.146637
  pitch: -80.84969
homes:
  village:
    world: world
    x: 1700.1687576421746
    y: 64.0
    z: 744.4638824126785
    yaw: -278.49377
    pitch: 5.700091
  e:
    world: world_the_end
    x: 41.5009900892349
    y: 1.0
    z: -297.3273075021807
    yaw: 238.50104
    pitch: 11.249966
  home:
    world: world
    x: -190.2713646572314
    y: 88.0
    z: 44.45812741679599
    yaw: -87.29989
    pitch: 12.749994
afk: false
