lastAccountName: Keeehi
timestamps:
  login: 1609214143655
  logout: 1609214664103
  lastteleport: 1609214642288
ipAddress: 89.177.225.70
logoutlocation:
  world: world_nether
  x: 208.25584856592917
  y: 128.0
  z: 94.80710751003939
  yaw: -290.7957
  pitch: -3.899897
lastlocation:
  world: world_nether
  x: -26.30000001192093
  y: 63.0
  z: -14.699999988079071
  yaw: 16.70039
  pitch: 16.949484
homes:
  village:
    world: world
    x: 1700.1687576421746
    y: 64.0
    z: 744.4638824126785
    yaw: -278.49377
    pitch: 5.700091
  e:
    world: world_the_end
    x: 41.5009900892349
    y: 1.0
    z: -297.3273075021807
    yaw: 238.50104
    pitch: 11.249966
  home:
    world: world
    x: 1459.8022395465819
    y: 210.0
    z: -1281.9931951383855
    yaw: 81.59747
    pitch: 13.199684
afk: false
