lastAccountName: Keeehi
timestamps:
  login: 1616528698149
  logout: 1616530561468
  lastteleport: 1616528809616
ipAddress: 89.177.225.70
logoutlocation:
  world: world
  x: -193.5
  y: 93.0
  z: 39.5
  yaw: -122.25002
  pitch: 1.5000296
lastlocation:
  world: world
  x: 697.9994140164634
  y: 35.20359605531957
  z: -888.9613293410861
  yaw: 179.0758
  pitch: -14.699403
homes:
  village:
    world: world
    x: 1700.1687576421746
    y: 64.0
    z: 744.4638824126785
    yaw: -278.49377
    pitch: 5.700091
  e:
    world: world_the_end
    x: 41.5009900892349
    y: 1.0
    z: -297.3273075021807
    yaw: 238.50104
    pitch: 11.249966
  home:
    world: world
    x: 1459.8022395465819
    y: 210.0
    z: -1281.9931951383855
    yaw: 81.59747
    pitch: 13.199684
afk: false
