lastAccountName: Keeehi
timestamps:
  login: 1611008158633
  logout: 1611008113483
  lastteleport: 1611009532356
ipAddress: 89.177.225.70
logoutlocation:
  world: world_the_end
  x: 587.3117587344811
  y: 133.0
  z: 3935.5730121652437
  yaw: 275.18335
  pitch: 6.1499476
lastlocation:
  world: world_the_end
  x: 665.7825462632427
  y: 62.0
  z: 3872.7336407462076
  yaw: -15.939819
  pitch: 32.100685
homes:
  village:
    world: world
    x: 1700.1687576421746
    y: 64.0
    z: 744.4638824126785
    yaw: -278.49377
    pitch: 5.700091
  e:
    world: world_the_end
    x: 41.5009900892349
    y: 1.0
    z: -297.3273075021807
    yaw: 238.50104
    pitch: 11.249966
  home:
    world: world
    x: 1459.8022395465819
    y: 210.0
    z: -1281.9931951383855
    yaw: 81.59747
    pitch: 13.199684
afk: false
