lastAccountName: Keeehi
timestamps:
  login: 1606765987149
  logout: 1606762411000
  lastteleport: 1606772738548
ipAddress: 89.177.225.70
logoutlocation:
  world: world
  x: -47.591360126362424
  y: 66.0
  z: 108.32578386098497
  yaw: 202.95012
  pitch: -14.400106
lastlocation:
  world: world
  x: 1683.5
  y: 64.0
  z: 750.5
  yaw: -4.94156E-6
  pitch: 0.0
homes:
  village:
    world: world
    x: 1700.1687576421746
    y: 64.0
    z: 744.4638824126785
    yaw: -278.49377
    pitch: 5.700091
  e:
    world: world_the_end
    x: 41.5009900892349
    y: 1.0
    z: -297.3273075021807
    yaw: 238.50104
    pitch: 11.249966
  home:
    world: world
    x: 1459.8022395465819
    y: 210.0
    z: -1281.9931951383855
    yaw: 81.59747
    pitch: 13.199684
afk: false
