lastAccountName: Keeehi
timestamps:
  login: 1606094271992
  logout: 1606117097290
  lastteleport: 1606117090940
ipAddress: 89.177.225.70
logoutlocation:
  world: world
  x: 1459.5
  y: 210.0
  z: -1281.5
  yaw: 61.947525
  pitch: 5.549624
lastlocation:
  world: world
  x: -78.5
  y: 69.0
  z: 30.5
  yaw: -247.53337
  pitch: -2.7000275
homes:
  village:
    world: world
    x: 1700.1687576421746
    y: 64.0
    z: 744.4638824126785
    yaw: -278.49377
    pitch: 5.700091
  e:
    world: world_the_end
    x: 41.5009900892349
    y: 1.0
    z: -297.3273075021807
    yaw: 238.50104
    pitch: 11.249966
  home:
    world: world
    x: 1459.8022395465819
    y: 210.0
    z: -1281.9931951383855
    yaw: 81.59747
    pitch: 13.199684
afk: false
