lastAccountName: Keeehi
timestamps:
  login: 1611085219569
  logout: 1611085060975
  lastteleport: 1611090591645
ipAddress: 89.177.225.70
logoutlocation:
  world: lobby
  x: 3.3037720426617714
  y: 64.0
  z: 1.4430556551150473
  yaw: 75.75238
  pitch: 6.0001774
lastlocation:
  world: world
  x: -69.98260934766485
  y: 69.0
  z: 28.081742297010837
  yaw: -286.9831
  pitch: 12.300175
homes:
  village:
    world: world
    x: 1700.1687576421746
    y: 64.0
    z: 744.4638824126785
    yaw: -278.49377
    pitch: 5.700091
  e:
    world: world_the_end
    x: 41.5009900892349
    y: 1.0
    z: -297.3273075021807
    yaw: 238.50104
    pitch: 11.249966
  home:
    world: world
    x: 1459.8022395465819
    y: 210.0
    z: -1281.9931951383855
    yaw: 81.59747
    pitch: 13.199684
afk: false
