lastAccountName: Keeehi
timestamps:
  login: 1609215058001
  logout: 1609215769540
  lastteleport: 1609215753250
ipAddress: 89.177.225.70
logoutlocation:
  world: world
  x: -78.5
  y: 69.0
  z: 30.5
  yaw: -276.78406
  pitch: -7.500044
lastlocation:
  world: world_nether
  x: -19.51406928023871
  y: 65.0
  z: 35.83401208287491
  yaw: 175.11859
  pitch: -13.6503935
homes:
  village:
    world: world
    x: 1700.1687576421746
    y: 64.0
    z: 744.4638824126785
    yaw: -278.49377
    pitch: 5.700091
  e:
    world: world_the_end
    x: 41.5009900892349
    y: 1.0
    z: -297.3273075021807
    yaw: 238.50104
    pitch: 11.249966
  home:
    world: world
    x: 1459.8022395465819
    y: 210.0
    z: -1281.9931951383855
    yaw: 81.59747
    pitch: 13.199684
afk: false
