lastAccountName: Keeehi
timestamps:
  login: 1611180744897
  logout: 1611188904909
  lastteleport: 1611184175063
ipAddress: 46.135.1.33
logoutlocation:
  world: lobby
  x: 35.345048906359224
  y: 48.9204351602499
  z: -23.781611132690628
  yaw: 275.76212
  pitch: 26.999603
lastlocation:
  world: lobby
  x: 15.153075533782513
  y: 3.6356597451012025
  z: -7.6987127803554385
  yaw: -116.100334
  pitch: 16.050016
homes:
  village:
    world: world
    x: 1700.1687576421746
    y: 64.0
    z: 744.4638824126785
    yaw: -278.49377
    pitch: 5.700091
  e:
    world: world_the_end
    x: 41.5009900892349
    y: 1.0
    z: -297.3273075021807
    yaw: 238.50104
    pitch: 11.249966
  home:
    world: world
    x: 1459.8022395465819
    y: 210.0
    z: -1281.9931951383855
    yaw: 81.59747
    pitch: 13.199684
afk: false
