lastAccountName: Keeehi
timestamps:
  login: 1605917626404
  logout: 1605913854210
  lastteleport: 1605917643394
ipAddress: 89.177.225.70
logoutlocation:
  world: world
  x: -129.01824938046212
  y: 15.0
  z: 12.249313285690839
  yaw: 295.45142
  pitch: 9.000225
lastlocation:
  world: world
  x: -129.01824938046212
  y: 15.0
  z: 12.249313285690839
  yaw: 308.20154
  pitch: 15.000219
homes:
  village:
    world: world
    x: 1700.1687576421746
    y: 64.0
    z: 744.4638824126785
    yaw: -278.49377
    pitch: 5.700091
  e:
    world: world_the_end
    x: 41.5009900892349
    y: 1.0
    z: -297.3273075021807
    yaw: 238.50104
    pitch: 11.249966
  home:
    world: world
    x: -190.2713646572314
    y: 88.0
    z: 44.45812741679599
    yaw: -87.29989
    pitch: 12.749994
afk: true
