lastAccountName: Keeehi
timestamps:
  login: 1605986221975
  logout: 1605968288252
  lastteleport: 1606001288513
ipAddress: 89.177.225.70
logoutlocation:
  world: world
  x: 1451.5
  y: 63.5625
  z: -1279.5
  yaw: -4.94156E-6
  pitch: 0.0
lastlocation:
  world: world
  x: 1304.3233549179995
  y: 63.5625
  z: -1197.799991915008
  yaw: 6.90506
  pitch: 19.950945
homes:
  village:
    world: world
    x: 1700.1687576421746
    y: 64.0
    z: 744.4638824126785
    yaw: -278.49377
    pitch: 5.700091
  e:
    world: world_the_end
    x: 41.5009900892349
    y: 1.0
    z: -297.3273075021807
    yaw: 238.50104
    pitch: 11.249966
  home:
    world: world
    x: 1313.3061623406738
    y: 61.0
    z: -1180.2558886805587
    yaw: 270.90292
    pitch: 0.30072522
afk: false
