lastAccountName: Keeehi
timestamps:
  login: 1606203989566
  logout: 1606208006373
  lastteleport: 1606206358227
ipAddress: 89.177.225.70
logoutlocation:
  world: world
  x: -89.78641261613029
  y: 72.0625
  z: 83.06681892940212
  yaw: 10.949188
  pitch: 15.750088
lastlocation:
  world: world
  x: 1453.2504978764086
  y: 210.0
  z: -1281.466139468073
  yaw: 291.90094
  pitch: 30.14961
homes:
  village:
    world: world
    x: 1700.1687576421746
    y: 64.0
    z: 744.4638824126785
    yaw: -278.49377
    pitch: 5.700091
  e:
    world: world_the_end
    x: 41.5009900892349
    y: 1.0
    z: -297.3273075021807
    yaw: 238.50104
    pitch: 11.249966
  home:
    world: world
    x: 1459.8022395465819
    y: 210.0
    z: -1281.9931951383855
    yaw: 81.59747
    pitch: 13.199684
afk: false
