lastAccountName: Keeehi
timestamps:
  login: 1609540156833
  logout: 1609215769540
  lastteleport: 1609548806976
ipAddress: 89.177.225.70
logoutlocation:
  world: world
  x: -78.5
  y: 69.0
  z: 30.5
  yaw: -276.78406
  pitch: -7.500044
lastlocation:
  world: world
  x: -156.30000001192093
  y: 45.0
  z: 147.30000001192093
  yaw: 103.33252
  pitch: -1.3498586
homes:
  village:
    world: world
    x: 1700.1687576421746
    y: 64.0
    z: 744.4638824126785
    yaw: -278.49377
    pitch: 5.700091
  e:
    world: world_the_end
    x: 41.5009900892349
    y: 1.0
    z: -297.3273075021807
    yaw: 238.50104
    pitch: 11.249966
  home:
    world: world
    x: 1459.8022395465819
    y: 210.0
    z: -1281.9931951383855
    yaw: 81.59747
    pitch: 13.199684
afk: false
