lastAccountName: Keeehi
timestamps:
  login: 1608345426186
  logout: 1608347545716
  lastteleport: 1608347539144
ipAddress: 213.192.1.30
logoutlocation:
  world: world
  x: -80.43361006051397
  y: 68.9375
  z: 30.41298189841856
  yaw: -268.53366
  pitch: -11.700041
lastlocation:
  world: world_nether
  x: 398.5796323145227
  y: 76.0
  z: 1231.4979358787346
  yaw: 281.5266
  pitch: 12.149979
homes:
  village:
    world: world
    x: 1700.1687576421746
    y: 64.0
    z: 744.4638824126785
    yaw: -278.49377
    pitch: 5.700091
  e:
    world: world_the_end
    x: 41.5009900892349
    y: 1.0
    z: -297.3273075021807
    yaw: 238.50104
    pitch: 11.249966
  home:
    world: world
    x: 1459.8022395465819
    y: 210.0
    z: -1281.9931951383855
    yaw: 81.59747
    pitch: 13.199684
afk: false
