lastAccountName: Keeehi
timestamps:
  login: 1609132124636
  logout: 1609132121887
  lastteleport: 1609135381860
ipAddress: 89.177.225.70
logoutlocation:
  world: world_nether
  x: -23.476594464337285
  y: 128.0
  z: -7.692028762377157
  yaw: 69.95702
  pitch: 17.550516
lastlocation:
  world: world_nether
  x: -34.01495280127963
  y: 71.0
  z: -8.14727164923448
  yaw: 305.21875
  pitch: 14.699804
homes:
  village:
    world: world
    x: 1700.1687576421746
    y: 64.0
    z: 744.4638824126785
    yaw: -278.49377
    pitch: 5.700091
  e:
    world: world_the_end
    x: 41.5009900892349
    y: 1.0
    z: -297.3273075021807
    yaw: 238.50104
    pitch: 11.249966
  home:
    world: world
    x: 1459.8022395465819
    y: 210.0
    z: -1281.9931951383855
    yaw: 81.59747
    pitch: 13.199684
afk: false
