lastAccountName: Keeehi
timestamps:
  login: 1606148476922
  logout: 1606148546740
  lastteleport: 1606148488246
ipAddress: 89.177.225.70
logoutlocation:
  world: world
  x: -99.28872411224658
  y: 72.0625
  z: 89.51503691821813
  yaw: -15.481659
  pitch: -7.5000362
lastlocation:
  world: world
  x: 1459.5
  y: 210.0
  z: -1281.5
  yaw: 78.44742
  pitch: 15.149612
homes:
  village:
    world: world
    x: 1700.1687576421746
    y: 64.0
    z: 744.4638824126785
    yaw: -278.49377
    pitch: 5.700091
  e:
    world: world_the_end
    x: 41.5009900892349
    y: 1.0
    z: -297.3273075021807
    yaw: 238.50104
    pitch: 11.249966
  home:
    world: world
    x: 1459.8022395465819
    y: 210.0
    z: -1281.9931951383855
    yaw: 81.59747
    pitch: 13.199684
afk: false
