lastAccountName: Keeehi
timestamps:
  login: 1616615760002
  logout: 1616542336202
  lastteleport: 1616624997260
ipAddress: 89.177.225.70
logoutlocation:
  world: world
  x: 2273.393474854391
  y: 30.0
  z: -334.9150466945908
  yaw: -251.45432
  pitch: 8.550302
lastlocation:
  world: world
  x: 2324.8775643475783
  y: 62.7307167796189
  z: -397.31383253065934
  yaw: 160.8938
  pitch: -0.16653606
homes:
  village:
    world: world
    x: 1700.1687576421746
    y: 64.0
    z: 744.4638824126785
    yaw: -278.49377
    pitch: 5.700091
  e:
    world: world_the_end
    x: 41.5009900892349
    y: 1.0
    z: -297.3273075021807
    yaw: 238.50104
    pitch: 11.249966
  home:
    world: world
    x: 1459.8022395465819
    y: 210.0
    z: -1281.9931951383855
    yaw: 81.59747
    pitch: 13.199684
afk: false
