lastAccountName: Keeehi
timestamps:
  login: 1609164619925
  logout: 1609136801292
  lastteleport: 1609136795908
ipAddress: 89.177.225.70
logoutlocation:
  world: world
  x: -78.5
  y: 69.0
  z: 30.5
  yaw: -29.132477
  pitch: 1.19997
lastlocation:
  world: world
  x: -514.5249327877242
  y: 141.2810550895395
  z: 272.6258826382458
  yaw: 206.21945
  pitch: -34.49965
homes:
  village:
    world: world
    x: 1700.1687576421746
    y: 64.0
    z: 744.4638824126785
    yaw: -278.49377
    pitch: 5.700091
  e:
    world: world_the_end
    x: 41.5009900892349
    y: 1.0
    z: -297.3273075021807
    yaw: 238.50104
    pitch: 11.249966
  home:
    world: world
    x: 1459.8022395465819
    y: 210.0
    z: -1281.9931951383855
    yaw: 81.59747
    pitch: 13.199684
afk: false
