lastAccountName: Keeehi
timestamps:
  login: 1611008158633
  logout: 1611017601335
  lastteleport: 1611016267990
ipAddress: 89.177.225.70
logoutlocation:
  world: world
  x: -189.88618327276916
  y: 88.0
  z: 46.26889782473353
  yaw: 264.08618
  pitch: 14.250383
lastlocation:
  world: world
  x: -647.8602593534853
  y: 71.0
  z: -51.74179007584185
  yaw: 285.28705
  pitch: -16.200018
homes:
  village:
    world: world
    x: 1700.1687576421746
    y: 64.0
    z: 744.4638824126785
    yaw: -278.49377
    pitch: 5.700091
  e:
    world: world_the_end
    x: 41.5009900892349
    y: 1.0
    z: -297.3273075021807
    yaw: 238.50104
    pitch: 11.249966
  home:
    world: world
    x: 1459.8022395465819
    y: 210.0
    z: -1281.9931951383855
    yaw: 81.59747
    pitch: 13.199684
afk: false
