lastAccountName: Keeehi
timestamps:
  login: 1615660134699
  logout: 1615660570786
  lastteleport: 1615661360450
ipAddress: 89.177.225.70
logoutlocation:
  world: world
  x: -184.87948943872792
  y: 88.0
  z: 46.946457374554335
  yaw: -88.350235
  pitch: -11.249996
lastlocation:
  world: world
  x: -161.69999998807907
  y: 18.0
  z: -378.50072174460706
  yaw: 32.835545
  pitch: -4.949059
homes:
  village:
    world: world
    x: 1700.1687576421746
    y: 64.0
    z: 744.4638824126785
    yaw: -278.49377
    pitch: 5.700091
  e:
    world: world_the_end
    x: 41.5009900892349
    y: 1.0
    z: -297.3273075021807
    yaw: 238.50104
    pitch: 11.249966
  home:
    world: world
    x: 1459.8022395465819
    y: 210.0
    z: -1281.9931951383855
    yaw: 81.59747
    pitch: 13.199684
afk: false
