lastAccountName: Keeehi
timestamps:
  login: 1605773402106
  logout: 1605777482186
  lastteleport: 1605777466146
ipAddress: 89.177.225.70
logoutlocation:
  world: world
  x: -123.67596860929785
  y: 15.0
  z: 13.857204026746011
  yaw: -159.33205
  pitch: 42.899925
lastlocation:
  world: world
  x: -34.56070653553766
  y: 63.0
  z: 157.91517318479663
  yaw: -172.38438
  pitch: 13.800003
homes:
  village:
    world: world
    x: 1700.1687576421746
    y: 64.0
    z: 744.4638824126785
    yaw: -278.49377
    pitch: 5.700091
  e:
    world: world_the_end
    x: 41.5009900892349
    y: 1.0
    z: -297.3273075021807
    yaw: 238.50104
    pitch: 11.249966
  home:
    world: world
    x: -190.2713646572314
    y: 88.0
    z: 44.45812741679599
    yaw: -87.29989
    pitch: 12.749994
afk: false
