lastAccountName: Keeehi
timestamps:
  login: 1605749514434
  logout: 1605749469738
  lastteleport: 1605752947424
ipAddress: 89.177.225.70
logoutlocation:
  world: world
  x: 388.52403241308934
  y: 69.0
  z: -95.6915479695836
  yaw: 142.95032
  pitch: -2.5499136
lastlocation:
  world: world
  x: 1700.5
  y: 64.0
  z: 744.5
  yaw: -352.74347
  pitch: 13.050079
homes:
  village:
    world: world
    x: 1700.1687576421746
    y: 64.0
    z: 744.4638824126785
    yaw: -278.49377
    pitch: 5.700091
  e:
    world: world_the_end
    x: 41.5009900892349
    y: 1.0
    z: -297.3273075021807
    yaw: 238.50104
    pitch: 11.249966
  home:
    world: world
    x: 323.0207473464604
    y: 66.0
    z: -150.07622381075143
    yaw: -60.000786
    pitch: 22.199997
afk: false
