lastAccountName: Keeehi
timestamps:
  login: 1609189129140
  logout: 1609191713688
  lastteleport: 1609191439144
ipAddress: 89.177.225.70
logoutlocation:
  world: world_nether
  x: -38.0243061832668
  y: 128.0
  z: -0.22353414637317576
  yaw: -125.18589
  pitch: -1.5004334
lastlocation:
  world: world_nether
  x: -22.553715428947207
  y: 66.05321338701523
  z: -6.788057744165274
  yaw: -274.55466
  pitch: 13.349952
homes:
  village:
    world: world
    x: 1700.1687576421746
    y: 64.0
    z: 744.4638824126785
    yaw: -278.49377
    pitch: 5.700091
  e:
    world: world_the_end
    x: 41.5009900892349
    y: 1.0
    z: -297.3273075021807
    yaw: 238.50104
    pitch: 11.249966
  home:
    world: world
    x: 1459.8022395465819
    y: 210.0
    z: -1281.9931951383855
    yaw: 81.59747
    pitch: 13.199684
afk: false
