lastAccountName: Keeehi
timestamps:
  login: 1611177296601
  logout: 1611177130712
  lastteleport: 1611174815310
ipAddress: 46.135.1.33
logoutlocation:
  world: lobby
  x: 71.54685280648941
  y: 38.09633452491092
  z: -41.86084628371899
  yaw: 128.87479
  pitch: 33.300632
lastlocation:
  world: lobby
  x: 61.23659329800086
  y: 0.8788982813956223
  z: -37.762415099601526
  yaw: -64.63556
  pitch: -19.500465
homes:
  village:
    world: world
    x: 1700.1687576421746
    y: 64.0
    z: 744.4638824126785
    yaw: -278.49377
    pitch: 5.700091
  e:
    world: world_the_end
    x: 41.5009900892349
    y: 1.0
    z: -297.3273075021807
    yaw: 238.50104
    pitch: 11.249966
  home:
    world: world
    x: 1459.8022395465819
    y: 210.0
    z: -1281.9931951383855
    yaw: 81.59747
    pitch: 13.199684
afk: false
