lastAccountName: Keeehi
timestamps:
  login: 1610989747948
  logout: 1610989704828
  lastteleport: 1610991089997
ipAddress: 89.177.225.70
logoutlocation:
  world: world
  x: -188.32461984259336
  y: 88.875
  z: 41.67345884419563
  yaw: -191.29407
  pitch: 74.2499
lastlocation:
  world: world
  x: -128.77119830800012
  y: 15.0
  z: 13.178700269676664
  yaw: 208.77261
  pitch: 42.000072
homes:
  village:
    world: world
    x: 1700.1687576421746
    y: 64.0
    z: 744.4638824126785
    yaw: -278.49377
    pitch: 5.700091
  e:
    world: world_the_end
    x: 41.5009900892349
    y: 1.0
    z: -297.3273075021807
    yaw: 238.50104
    pitch: 11.249966
  home:
    world: world
    x: 1459.8022395465819
    y: 210.0
    z: -1281.9931951383855
    yaw: 81.59747
    pitch: 13.199684
afk: false
