lastAccountName: Keeehi
timestamps:
  login: 1605650927666
  logout: 1605651372667
  lastteleport: 1605598024990
ipAddress: 89.177.225.70
logoutlocation:
  world: world
  x: -7.459652484960005
  y: 93.0
  z: 141.38394842967767
  yaw: -188.56032
  pitch: 10.799805
lastlocation:
  world: world
  x: 361.1397903586351
  y: 64.0
  z: -127.96572875461578
  yaw: 79.04833
  pitch: 17.850285
homes:
  village:
    world: world
    x: 1700.1687576421746
    y: 64.0
    z: 744.4638824126785
    yaw: -278.49377
    pitch: 5.700091
  e:
    world: world_the_end
    x: 41.5009900892349
    y: 1.0
    z: -297.3273075021807
    yaw: 238.50104
    pitch: 11.249966
  home:
    world: world
    x: 323.0207473464604
    y: 66.0
    z: -150.07622381075143
    yaw: -60.000786
    pitch: 22.199997
afk: false
