lastAccountName: Keeehi
timestamps:
  login: 1605953785763
  logout: 1605968288252
  lastteleport: 1605967580417
ipAddress: 89.177.225.70
logoutlocation:
  world: world
  x: 1451.5
  y: 63.5625
  z: -1279.5
  yaw: -4.94156E-6
  pitch: 0.0
lastlocation:
  world: world
  x: 1450.699999988079
  y: 150.5437043211014
  z: -1279.050000011921
  yaw: 168.00378
  pitch: 73.34985
homes:
  village:
    world: world
    x: 1700.1687576421746
    y: 64.0
    z: 744.4638824126785
    yaw: -278.49377
    pitch: 5.700091
  e:
    world: world_the_end
    x: 41.5009900892349
    y: 1.0
    z: -297.3273075021807
    yaw: 238.50104
    pitch: 11.249966
  home:
    world: world
    x: 1449.5650947149538
    y: 63.0
    z: -1278.6369968491722
    yaw: -136.80142
    pitch: 3.7503629
afk: false
