lastAccountName: Keeehi
timestamps:
  login: 1616687590922
  logout: 1616702513953
  lastteleport: 1616701950905
ipAddress: 89.177.225.70
logoutlocation:
  world: world
  x: -191.3544810760488
  y: 88.0
  z: 38.76435847776262
  yaw: -37.07782
  pitch: 1.8000891
lastlocation:
  world: world
  x: 2274.3447449541004
  y: 30.0
  z: -335.99784389482954
  yaw: -105.448105
  pitch: 7.65008
homes:
  village:
    world: world
    x: 1700.1687576421746
    y: 64.0
    z: 744.4638824126785
    yaw: -278.49377
    pitch: 5.700091
  e:
    world: world_the_end
    x: 41.5009900892349
    y: 1.0
    z: -297.3273075021807
    yaw: 238.50104
    pitch: 11.249966
  home:
    world: world
    x: 1459.8022395465819
    y: 210.0
    z: -1281.9931951383855
    yaw: 81.59747
    pitch: 13.199684
afk: false
