lastAccountName: Keeehi
timestamps:
  login: 1605582671708
  logout: 1605581444810
  lastteleport: 1605583319760
ipAddress: 89.177.225.70
logoutlocation:
  world: world
  x: 339.8127035977329
  y: 31.0
  z: -136.95790736666655
  yaw: 157.03638
  pitch: 1.6497114
lastlocation:
  world: world
  x: 324.34754648813407
  y: 66.0
  z: -147.84980378714212
  yaw: 34.200386
  pitch: 0.75005835
homes:
  village:
    world: world
    x: 1700.1687576421746
    y: 64.0
    z: 744.4638824126785
    yaw: -278.49377
    pitch: 5.700091
  e:
    world: world_the_end
    x: 41.5009900892349
    y: 1.0
    z: -297.3273075021807
    yaw: 238.50104
    pitch: 11.249966
  home:
    world: world
    x: 323.0207473464604
    y: 66.0
    z: -150.07622381075143
    yaw: -60.000786
    pitch: 22.199997
afk: false
