lastAccountName: Keeehi
timestamps:
  login: 1607534768256
  logout: 1607533793711
  lastteleport: 1607535233559
ipAddress: 89.177.225.70
logoutlocation:
  world: world_nether
  x: -0.7066208592651937
  y: 128.0
  z: -3.746365728005717
  yaw: 285.45117
  pitch: 14.400631
lastlocation:
  world: world
  x: -2063.362029009085
  y: 70.0
  z: 703.7215467457561
  yaw: -23.575012
  pitch: 7.650642
homes:
  village:
    world: world
    x: 1700.1687576421746
    y: 64.0
    z: 744.4638824126785
    yaw: -278.49377
    pitch: 5.700091
  e:
    world: world_the_end
    x: 41.5009900892349
    y: 1.0
    z: -297.3273075021807
    yaw: 238.50104
    pitch: 11.249966
  home:
    world: world
    x: 1459.8022395465819
    y: 210.0
    z: -1281.9931951383855
    yaw: 81.59747
    pitch: 13.199684
afk: false
