lastAccountName: Keeehi
timestamps:
  login: 1605578860016
  logout: 1605496286068
  lastteleport: 1605578993687
ipAddress: 89.177.225.70
logoutlocation:
  world: world
  x: 328.1927836348186
  y: 66.0
  z: -149.1049181040158
  yaw: 18.900196
  pitch: 3.0001879
lastlocation:
  world: world_the_end
  x: 47.58811764408627
  y: 1.5
  z: -299.7827708593356
  yaw: 176.40228
  pitch: 0.44998732
homes:
  village:
    world: world
    x: 1700.1687576421746
    y: 64.0
    z: 744.4638824126785
    yaw: -278.49377
    pitch: 5.700091
  e:
    world: world_the_end
    x: 41.5009900892349
    y: 1.0
    z: -297.3273075021807
    yaw: 238.50104
    pitch: 11.249966
  home:
    world: world
    x: 323.0207473464604
    y: 66.0
    z: -150.07622381075143
    yaw: -60.000786
    pitch: 22.199997
afk: false
