lastAccountName: Keeehi
timestamps:
  login: 1613673081303
  logout: 1613676042103
  lastteleport: 1613673145580
ipAddress: 89.177.225.70
logoutlocation:
  world: cworld
  x: -59.92784363458942
  y: 65.0
  z: 67.17680509702008
  yaw: 11.97934
  pitch: 5.5511136
lastlocation:
  world: world
  x: -116.12438050795754
  y: 71.0
  z: 32.08794961716925
  yaw: -109.984085
  pitch: 1.2001408
homes:
  village:
    world: world
    x: 1700.1687576421746
    y: 64.0
    z: 744.4638824126785
    yaw: -278.49377
    pitch: 5.700091
  e:
    world: world_the_end
    x: 41.5009900892349
    y: 1.0
    z: -297.3273075021807
    yaw: 238.50104
    pitch: 11.249966
  home:
    world: world
    x: 1459.8022395465819
    y: 210.0
    z: -1281.9931951383855
    yaw: 81.59747
    pitch: 13.199684
afk: false
