lastAccountName: Keeehi
timestamps:
  login: 1605896779202
  logout: 1605831442542
  lastteleport: 1605897247956
ipAddress: 89.177.225.70
logoutlocation:
  world: world
  x: -124.12375091908775
  y: 15.0
  z: 14.699999988079071
  yaw: -130.53311
  pitch: 11.700012
lastlocation:
  world: world
  x: -241.39937663896495
  y: 90.0
  z: 76.2203415680901
  yaw: 260.22156
  pitch: 3.3002434
homes:
  village:
    world: world
    x: 1700.1687576421746
    y: 64.0
    z: 744.4638824126785
    yaw: -278.49377
    pitch: 5.700091
  e:
    world: world_the_end
    x: 41.5009900892349
    y: 1.0
    z: -297.3273075021807
    yaw: 238.50104
    pitch: 11.249966
  home:
    world: world
    x: -190.2713646572314
    y: 88.0
    z: 44.45812741679599
    yaw: -87.29989
    pitch: 12.749994
afk: false
