lastAccountName: Keeehi
timestamps:
  login: 1607534768256
  logout: 1607538779660
  lastteleport: 1607537987426
ipAddress: 89.177.225.70
logoutlocation:
  world: world_nether
  x: -39.54812736811375
  y: 128.0
  z: -12.04795592717774
  yaw: -41.642654
  pitch: 2.5498762
lastlocation:
  world: world
  x: -40.151779539881446
  y: 69.0
  z: 104.30091381085516
  yaw: 273.44757
  pitch: 12.149963
homes:
  village:
    world: world
    x: 1700.1687576421746
    y: 64.0
    z: 744.4638824126785
    yaw: -278.49377
    pitch: 5.700091
  e:
    world: world_the_end
    x: 41.5009900892349
    y: 1.0
    z: -297.3273075021807
    yaw: 238.50104
    pitch: 11.249966
  home:
    world: world
    x: 1459.8022395465819
    y: 210.0
    z: -1281.9931951383855
    yaw: 81.59747
    pitch: 13.199684
afk: false
