lastAccountName: Keeehi
timestamps:
  login: 1605986221975
  logout: 1605968288252
  lastteleport: 1605989212899
ipAddress: 89.177.225.70
logoutlocation:
  world: world
  x: 1451.5
  y: 63.5625
  z: -1279.5
  yaw: -4.94156E-6
  pitch: 0.0
lastlocation:
  world: world
  x: 1446.6606223498309
  y: 216.5
  z: -1277.0324256004665
  yaw: 92.248474
  pitch: 67.2007
homes:
  village:
    world: world
    x: 1700.1687576421746
    y: 64.0
    z: 744.4638824126785
    yaw: -278.49377
    pitch: 5.700091
  e:
    world: world_the_end
    x: 41.5009900892349
    y: 1.0
    z: -297.3273075021807
    yaw: 238.50104
    pitch: 11.249966
  home:
    world: world
    x: 1449.5650947149538
    y: 63.0
    z: -1278.6369968491722
    yaw: -136.80142
    pitch: 3.7503629
afk: false
