lastAccountName: Keeehi
timestamps:
  login: 1608928289628
  logout: 1608931082488
  lastteleport: 1608928315426
ipAddress: 213.192.1.30
logoutlocation:
  world: world_nether
  x: -29.56386964225559
  y: 125.0
  z: -13.547452528610552
  yaw: 104.50657
  pitch: 3.1497788
lastlocation:
  world: world
  x: -88.57338684881086
  y: 70.0
  z: 45.56640422419241
  yaw: -1.8001189
  pitch: 4.650014
homes:
  village:
    world: world
    x: 1700.1687576421746
    y: 64.0
    z: 744.4638824126785
    yaw: -278.49377
    pitch: 5.700091
  e:
    world: world_the_end
    x: 41.5009900892349
    y: 1.0
    z: -297.3273075021807
    yaw: 238.50104
    pitch: 11.249966
  home:
    world: world
    x: 1459.8022395465819
    y: 210.0
    z: -1281.9931951383855
    yaw: 81.59747
    pitch: 13.199684
afk: false
