lastAccountName: Keeehi
timestamps:
  login: 1615495026112
  logout: 1615495135449
  lastteleport: 1615494601222
ipAddress: 89.177.225.70
logoutlocation:
  world: world
  x: -191.4710182900225
  y: 88.0
  z: 38.7558428478205
  yaw: -235.6504
  pitch: 3.9001489
lastlocation:
  world: cworld
  x: -63.29095686588577
  y: 64.0
  z: 70.14292112713595
  yaw: 82.3487
  pitch: 5.4000015
homes:
  village:
    world: world
    x: 1700.1687576421746
    y: 64.0
    z: 744.4638824126785
    yaw: -278.49377
    pitch: 5.700091
  e:
    world: world_the_end
    x: 41.5009900892349
    y: 1.0
    z: -297.3273075021807
    yaw: 238.50104
    pitch: 11.249966
  home:
    world: world
    x: 1459.8022395465819
    y: 210.0
    z: -1281.9931951383855
    yaw: 81.59747
    pitch: 13.199684
afk: false
