lastAccountName: Keeehi
timestamps:
  login: 1617727494717
  logout: 1617727453307
  lastteleport: 1617733697634
ipAddress: 213.192.1.30
logoutlocation:
  world: world
  x: 2303.39774831536
  y: 127.0
  z: -367.48365221686845
  yaw: 5.406932
  pitch: 88.94999
lastlocation:
  world: world
  x: -16.105674727691113
  y: 73.48590687920316
  z: 13.13208700531871
  yaw: 257.25076
  pitch: -9.450076
homes:
  village:
    world: world
    x: 1700.1687576421746
    y: 64.0
    z: 744.4638824126785
    yaw: -278.49377
    pitch: 5.700091
  e:
    world: world_the_end
    x: 41.5009900892349
    y: 1.0
    z: -297.3273075021807
    yaw: 238.50104
    pitch: 11.249966
  home:
    world: world
    x: 1459.8022395465819
    y: 210.0
    z: -1281.9931951383855
    yaw: 81.59747
    pitch: 13.199684
afk: false
