lastAccountName: Keeehi
timestamps:
  login: 1606067909949
  logout: 1606064402949
  lastteleport: 1606069513078
ipAddress: 89.177.225.70
logoutlocation:
  world: world
  x: -128.3255801251758
  y: 15.0
  z: 14.327567817539547
  yaw: 134.54428
  pitch: -6.150156
lastlocation:
  world: world
  x: 1462.529422185791
  y: 190.40188732836387
  z: -1290.4620427448697
  yaw: 258.7909
  pitch: 28.35
homes:
  village:
    world: world
    x: 1700.1687576421746
    y: 64.0
    z: 744.4638824126785
    yaw: -278.49377
    pitch: 5.700091
  e:
    world: world_the_end
    x: 41.5009900892349
    y: 1.0
    z: -297.3273075021807
    yaw: 238.50104
    pitch: 11.249966
  home:
    world: world
    x: 1313.3061623406738
    y: 61.0
    z: -1180.2558886805587
    yaw: 270.90292
    pitch: 0.30072522
afk: false
