lastAccountName: Keeehi
timestamps:
  login: 1611158656854
  logout: 1611166820679
  lastteleport: 1611095637132
ipAddress: 89.177.225.70
logoutlocation:
  world: lobby
  x: 69.53839794733565
  y: 51.071243636896654
  z: -20.409513974417546
  yaw: 195.73993
  pitch: 32.550194
lastlocation:
  world: lobby
  x: 68.08513041638494
  y: 3.916665191833678
  z: -51.48736970611498
  yaw: 304.04492
  pitch: 39.449642
homes:
  village:
    world: world
    x: 1700.1687576421746
    y: 64.0
    z: 744.4638824126785
    yaw: -278.49377
    pitch: 5.700091
  e:
    world: world_the_end
    x: 41.5009900892349
    y: 1.0
    z: -297.3273075021807
    yaw: 238.50104
    pitch: 11.249966
  home:
    world: world
    x: 1459.8022395465819
    y: 210.0
    z: -1281.9931951383855
    yaw: 81.59747
    pitch: 13.199684
afk: false
