lastAccountName: Keeehi
timestamps:
  login: 1605921469958
  logout: 1605921422890
  lastteleport: 1605922032796
ipAddress: 89.177.225.70
logoutlocation:
  world: world
  x: -3510.7677776611936
  y: 82.0
  z: 1568.8829968579657
  yaw: 161.84015
  pitch: 12.150164
lastlocation:
  world: world
  x: -196.25493531622092
  y: 88.0
  z: 54.645114547389454
  yaw: 172.05066
  pitch: -11.399985
homes:
  village:
    world: world
    x: 1700.1687576421746
    y: 64.0
    z: 744.4638824126785
    yaw: -278.49377
    pitch: 5.700091
  e:
    world: world_the_end
    x: 41.5009900892349
    y: 1.0
    z: -297.3273075021807
    yaw: 238.50104
    pitch: 11.249966
  home:
    world: world
    x: -190.2713646572314
    y: 88.0
    z: 44.45812741679599
    yaw: -87.29989
    pitch: 12.749994
afk: false
