lastAccountName: Keeehi
timestamps:
  login: 1606092829650
  logout: 1606091863438
  lastteleport: 1606093886747
ipAddress: 89.177.225.70
logoutlocation:
  world: world
  x: 1461.741629675423
  y: 210.0
  z: -1279.4955414393849
  yaw: 50.550488
  pitch: 25.800804
lastlocation:
  world: world
  x: 1459.5701354683983
  y: 210.0
  z: -1281.653621158489
  yaw: 202.80591
  pitch: 25.949606
homes:
  village:
    world: world
    x: 1700.1687576421746
    y: 64.0
    z: 744.4638824126785
    yaw: -278.49377
    pitch: 5.700091
  e:
    world: world_the_end
    x: 41.5009900892349
    y: 1.0
    z: -297.3273075021807
    yaw: 238.50104
    pitch: 11.249966
  home:
    world: world
    x: 1451.0942963165678
    y: 247.0
    z: -1273.6402412052876
    yaw: 154.50159
    pitch: -2.7001255
afk: false
