timestamps:
  login: 1603905695678
  lastteleport: 1603911199274
  logout: 1603913153142
lastlocation:
  world: world
  x: -795.7480375217764
  y: 66.0
  z: -195.69016425001195
  yaw: -148.34991
  pitch: 11.249973
afk: false
logoutlocation:
  world: world
  x: 2.835491393020682
  y: 65.5
  z: 103.01865538050029
  yaw: -108.29321
  pitch: 12.900223
ip-address: 94.143.170.182
last-account-name: Matoxol
