lastAccountName: Honza
timestamps:
  login: 1615030698867
  lastteleport: 1615030989044
  logout: 1613146062311
ipAddress: 88.102.38.136
homes:
  mine:
    world: world_the_end
    x: 48.185627422615475
    y: 1.0
    z: -296.6987682220002
    yaw: 188.10043
    pitch: 19.349684
  home:
    world: world
    x: -159.51021112436368
    y: 82.0
    z: -45.69999998807907
    yaw: -0.16780472
    pitch: 28.950207
  ice:
    world: world
    x: 258.75994791884796
    y: 74.0
    z: 10.924649217140876
    yaw: 276.2675
    pitch: 18.000008
lastlocation:
  world: world
  x: 288.0000560345089
  y: 70.0
  z: -4.221668142477883
  yaw: -212.58406
  pitch: 16.50023
logoutlocation:
  world: world
  x: 271.32199295775507
  y: 75.0
  z: 26.935045700277087
  yaw: 112.61388
  pitch: 10.950012
afk: false
