lastAccountName: Honza
timestamps:
  login: 1607167481094
  lastteleport: 1607169788327
  logout: 1607169822425
ipAddress: 88.102.38.136
homes:
  mine:
    world: world_the_end
    x: 48.185627422615475
    y: 1.0
    z: -296.6987682220002
    yaw: 188.10043
    pitch: 19.349684
  home:
    world: world
    x: -159.51021112436368
    y: 82.0
    z: -45.69999998807907
    yaw: -0.16780472
    pitch: 28.950207
  npc:
    world: world
    x: 258.2107221275823
    y: 74.0
    z: 13.056138278464907
    yaw: -40.938206
    pitch: 18.300474
lastlocation:
  world: world_the_end
  x: 43.88728717516717
  y: 1.0
  z: -297.6562953565502
  yaw: 313.3518
  pitch: 25.649662
logoutlocation:
  world: world
  x: -157.62186599127068
  y: 86.0
  z: -42.70599146857696
  yaw: 337.63193
  pitch: 12.750236
afk: false
