lastAccountName: Honza
timestamps:
  login: 1605727763639
  lastteleport: 1605727837970
  logout: 1605728402247
ipAddress: 213.151.77.246
homes:
  home:
    world: world
    x: 96.11807059030225
    y: 36.0
    z: 468.56649933339827
    yaw: 22.18927
    pitch: 29.399883
  mine:
    world: world
    x: 58.657880010974665
    y: 12.0
    z: -31.180173709370905
    yaw: 110.69095
    pitch: 15.899978
  view:
    world: world
    x: -157.28905210658144
    y: 82.0
    z: -38.09786443449227
    yaw: 3.4320989
    pitch: 27.000198
lastlocation:
  world: world
  x: 97.13854592851537
  y: 36.0
  z: 468.4896029161123
  yaw: 233.83669
  pitch: 24.899887
logoutlocation:
  world: world
  x: -156.89102645008634
  y: 71.0
  z: -39.54761380383063
  yaw: 204.58118
  pitch: 40.50089
afk: false
