lastAccountName: Honza
timestamps:
  login: 1615662210736
  lastteleport: 1615666706147
  logout: 1615661314200
ipAddress: 213.151.77.246
homes:
  mine:
    world: world_the_end
    x: 48.185627422615475
    y: 1.0
    z: -296.6987682220002
    yaw: 188.10043
    pitch: 19.349684
  home:
    world: world
    x: -159.07973008458094
    y: 78.0
    z: -45.27111500733607
    yaw: -1.2068107
    pitch: 21.45065
  ice:
    world: world_nether
    x: -34.1403463093108
    y: 33.0
    z: 120.41018526171155
    yaw: -351.19513
    pitch: 40.800907
lastlocation:
  world: world
  x: -143.6825657361813
  y: 71.5
  z: 194.96647854407132
  yaw: 352.17847
  pitch: -22.800022
logoutlocation:
  world: world
  x: -161.56961839558699
  y: 18.0
  z: -381.4042830079277
  yaw: -171.01468
  pitch: 25.649992
afk: false
