lastAccountName: Honza
timestamps:
  login: 1606763821381
  lastteleport: 1606764030358
  logout: 1606670426740
ipAddress: 213.151.77.246
homes:
  mine:
    world: world
    x: -3.2363990981955926
    y: 78.0
    z: 477.22007356394886
    yaw: -118.6249
    pitch: 27.900105
  home:
    world: world
    x: -159.51021112436368
    y: 82.0
    z: -45.69999998807907
    yaw: -0.16780472
    pitch: 28.950207
  npc:
    world: world
    x: 258.2107221275823
    y: 74.0
    z: 13.056138278464907
    yaw: -40.938206
    pitch: 18.300474
lastlocation:
  world: world
  x: -157.83398945572674
  y: 86.0
  z: -41.48095008783315
  yaw: 351.57666
  pitch: 24.450663
logoutlocation:
  world: world
  x: -158.60613141443602
  y: 78.0
  z: -59.41113381350705
  yaw: -349.51834
  pitch: 11.700451
afk: false
