lastAccountName: Honza
timestamps:
  login: 1605535655546
  lastteleport: 1605540078812
  logout: 1605472022074
ipAddress: 213.151.77.246
homes:
  home:
    world: world
    x: 96.11807059030225
    y: 36.0
    z: 468.56649933339827
    yaw: 22.18927
    pitch: 29.399883
  mine:
    world: world
    x: 58.657880010974665
    y: 12.0
    z: -31.180173709370905
    yaw: 110.69095
    pitch: 15.899978
  view:
    world: world
    x: -157.28905210658144
    y: 82.0
    z: -38.09786443449227
    yaw: 3.4320989
    pitch: 27.000198
lastlocation:
  world: world_nether
  x: -38.574174073902576
  y: 44.0
  z: -49.94270297423929
  yaw: 75.32092
  pitch: 22.04988
logoutlocation:
  world: world
  x: -158.74237370536295
  y: 82.0
  z: -40.30957439581736
  yaw: 1.6364589
  pitch: 21.000755
afk: false
