lastAccountName: Honza
timestamps:
  login: 1613144597495
  lastteleport: 1613146022757
  logout: 1613146062311
ipAddress: 213.151.77.246
homes:
  mine:
    world: world_the_end
    x: 48.185627422615475
    y: 1.0
    z: -296.6987682220002
    yaw: 188.10043
    pitch: 19.349684
  home:
    world: world
    x: -159.51021112436368
    y: 82.0
    z: -45.69999998807907
    yaw: -0.16780472
    pitch: 28.950207
  ice:
    world: world
    x: 258.75994791884796
    y: 74.0
    z: 10.924649217140876
    yaw: 276.2675
    pitch: 18.000008
lastlocation:
  world: world
  x: -40.00538270050738
  y: 65.0
  z: 90.89311798029433
  yaw: 27.559937
  pitch: 36.750244
logoutlocation:
  world: world
  x: 271.32199295775507
  y: 75.0
  z: 26.935045700277087
  yaw: 112.61388
  pitch: 10.950012
afk: false
