lastAccountName: Honza
timestamps:
  login: 1606318225398
  lastteleport: 1606318898305
  logout: 1606310448439
ipAddress: 213.151.77.246
homes:
  mine:
    world: world
    x: -2007.9954751186526
    y: 62.9375
    z: 737.0140943671938
    yaw: 98.21265
    pitch: -11.098505
  home:
    world: world
    x: -159.51021112436368
    y: 82.0
    z: -45.69999998807907
    yaw: -0.16780472
    pitch: 28.950207
  npc:
    world: world
    x: 258.2107221275823
    y: 74.0
    z: 13.056138278464907
    yaw: -40.938206
    pitch: 18.300474
lastlocation:
  world: world
  x: -2043.3109748810293
  y: 127.0
  z: 699.3000000119209
  yaw: -101.737915
  pitch: 19.6516
logoutlocation:
  world: world
  x: -158.24187290973373
  y: 78.0
  z: -53.15766376293905
  yaw: -68.130554
  pitch: 19.651339
afk: false
