lastAccountName: Honza
timestamps:
  login: 1608731673881
  lastteleport: 1608732274438
  logout: 1608732545444
ipAddress: 88.102.38.136
homes:
  mine:
    world: world_the_end
    x: 48.185627422615475
    y: 1.0
    z: -296.6987682220002
    yaw: 188.10043
    pitch: 19.349684
  home:
    world: world
    x: -159.51021112436368
    y: 82.0
    z: -45.69999998807907
    yaw: -0.16780472
    pitch: 28.950207
  npc:
    world: world
    x: 258.2107221275823
    y: 74.0
    z: 13.056138278464907
    yaw: -40.938206
    pitch: 18.300474
lastlocation:
  world: world_nether
  x: 43.6999999880791
  y: 54.0
  z: 117.1007305078273
  yaw: -149.88373
  pitch: 19.200478
logoutlocation:
  world: world
  x: -157.35646559648444
  y: 82.0
  z: -43.09987771453472
  yaw: 3.8796015
  pitch: 24.900227
afk: false
