lastAccountName: Honza
timestamps:
  login: 1615652944591
  lastteleport: 1615658026801
  logout: 1615658136924
ipAddress: 213.151.77.246
homes:
  mine:
    world: world_the_end
    x: 48.185627422615475
    y: 1.0
    z: -296.6987682220002
    yaw: 188.10043
    pitch: 19.349684
  home:
    world: world
    x: -159.07973008458094
    y: 78.0
    z: -45.27111500733607
    yaw: -1.2068107
    pitch: 21.45065
  ice:
    world: world_nether
    x: -34.1403463093108
    y: 33.0
    z: 120.41018526171155
    yaw: -351.19513
    pitch: 40.800907
lastlocation:
  world: world
  x: -160.82631451993916
  y: 18.0
  z: -159.92146552878435
  yaw: 1.7597656
  pitch: 19.649826
logoutlocation:
  world: world
  x: -157.21797117439903
  y: 86.0
  z: -42.04021591591305
  yaw: 9.289673
  pitch: 26.400673
afk: false
