lastAccountName: Honza
timestamps:
  login: 1606075486548
  lastteleport: 1606075664849
  logout: 1606075924195
ipAddress: 213.151.77.246
homes:
  mine:
    world: world
    x: 58.657880010974665
    y: 12.0
    z: -31.180173709370905
    yaw: 110.69095
    pitch: 15.899978
  home:
    world: world
    x: -159.51021112436368
    y: 82.0
    z: -45.69999998807907
    yaw: -0.16780472
    pitch: 28.950207
  npc:
    world: world
    x: 288.1006986588124
    y: 70.0
    z: 9.966606069294468
    yaw: -143.39005
    pitch: 12.75048
lastlocation:
  world: world
  x: -164.22073132956157
  y: 62.0
  z: -9.401702970775888
  yaw: 185.95099
  pitch: -13.646335
logoutlocation:
  world: world
  x: -158.77384706446247
  y: 78.0
  z: -41.95641977785078
  yaw: -47.11263
  pitch: 27.000721
afk: false
