lastAccountName: Honza
timestamps:
  login: 1606763821381
  lastteleport: 1606766577753
  logout: 1606766699963
ipAddress: 213.151.77.246
homes:
  mine:
    world: world
    x: -3.2363990981955926
    y: 78.0
    z: 477.22007356394886
    yaw: -118.6249
    pitch: 27.900105
  home:
    world: world
    x: -159.51021112436368
    y: 82.0
    z: -45.69999998807907
    yaw: -0.16780472
    pitch: 28.950207
  npc:
    world: world
    x: 258.2107221275823
    y: 74.0
    z: 13.056138278464907
    yaw: -40.938206
    pitch: 18.300474
lastlocation:
  world: world
  x: 263.3685359621064
  y: 73.9375
  z: 15.299144661101145
  yaw: 178.81296
  pitch: 24.45044
logoutlocation:
  world: world
  x: -159.24686614987044
  y: 78.0
  z: -52.23968266018107
  yaw: 23.977417
  pitch: 26.55056
afk: false
