lastAccountName: Honza
timestamps:
  login: 1608726221444
  lastteleport: 1608729437326
  logout: 1608729827045
ipAddress: 88.102.38.136
homes:
  mine:
    world: world_the_end
    x: 48.185627422615475
    y: 1.0
    z: -296.6987682220002
    yaw: 188.10043
    pitch: 19.349684
  home:
    world: world
    x: -159.51021112436368
    y: 82.0
    z: -45.69999998807907
    yaw: -0.16780472
    pitch: 28.950207
  npc:
    world: world
    x: 258.2107221275823
    y: 74.0
    z: 13.056138278464907
    yaw: -40.938206
    pitch: 18.300474
lastlocation:
  world: world
  x: -304.67799333569474
  y: 5.0
  z: 113.45268161531206
  yaw: -271.86172
  pitch: 32.850124
logoutlocation:
  world: world
  x: -156.71754847967412
  y: 77.5
  z: -56.30000001192093
  yaw: 90.13336
  pitch: 6.4499426
afk: false
