lastAccountName: Honza
timestamps:
  login: 1608807255647
  lastteleport: 1608808368829
  logout: 1608808561595
ipAddress: 88.102.38.136
homes:
  mine:
    world: world_the_end
    x: 48.185627422615475
    y: 1.0
    z: -296.6987682220002
    yaw: 188.10043
    pitch: 19.349684
  home:
    world: world
    x: -159.51021112436368
    y: 82.0
    z: -45.69999998807907
    yaw: -0.16780472
    pitch: 28.950207
  npc:
    world: world
    x: 258.2107221275823
    y: 74.0
    z: 13.056138278464907
    yaw: -40.938206
    pitch: 18.300474
lastlocation:
  world: world
  x: -155.5
  y: 86.0
  z: -44.5
  yaw: -90.0
  pitch: 0.0
logoutlocation:
  world: world
  x: 30.191649952529744
  y: 63.0
  z: -172.45429786323385
  yaw: -110.88438
  pitch: 17.549952
afk: false
