lastAccountName: Honza
timestamps:
  login: 1615316820917
  lastteleport: 1615323572817
  logout: 1615324511010
ipAddress: 213.151.77.246
homes:
  mine:
    world: world_the_end
    x: 48.185627422615475
    y: 1.0
    z: -296.6987682220002
    yaw: 188.10043
    pitch: 19.349684
  home:
    world: world
    x: -156.65107258162826
    y: 65.0
    z: -68.10985770062732
    yaw: -51.60742
    pitch: 29.55066
  ice:
    world: world_nether
    x: -34.1403463093108
    y: 33.0
    z: 120.41018526171155
    yaw: -351.19513
    pitch: 40.800907
lastlocation:
  world: world_nether
  x: -33.77461567038087
  y: 33.0
  z: 120.66122945879563
  yaw: -6.0440674
  pitch: 39.1508
logoutlocation:
  world: world
  x: -159.74982964408977
  y: 78.0
  z: -60.17010759814943
  yaw: -341.37463
  pitch: 18.150768
afk: false
