lastAccountName: Honza
timestamps:
  login: 1612542084811
  lastteleport: 1612546447015
  logout: 1612546469857
ipAddress: 88.102.38.136
homes:
  mine:
    world: world_the_end
    x: 48.185627422615475
    y: 1.0
    z: -296.6987682220002
    yaw: 188.10043
    pitch: 19.349684
  home:
    world: world
    x: -159.51021112436368
    y: 82.0
    z: -45.69999998807907
    yaw: -0.16780472
    pitch: 28.950207
  ice:
    world: world
    x: 3638.4743540004342
    y: 74.0
    z: -1940.7548260427623
    yaw: -243.93326
    pitch: 33.600163
lastlocation:
  world: world
  x: 79.06343021687272
  y: 68.0
  z: -1.7520446704949506
  yaw: -289.68652
  pitch: 18.90053
logoutlocation:
  world: world
  x: -157.3313104103327
  y: 82.0
  z: -38.72089237806635
  yaw: -5.2677064
  pitch: 14.700209
afk: false
