lastAccountName: Honza
timestamps:
  login: 1615834069908
  lastteleport: 1615841420511
  logout: 1615841642964
ipAddress: 213.151.77.246
homes:
  mine:
    world: world
    x: -2062.421440661186
    y: 70.0
    z: 751.9571028238331
    yaw: 239.40417
    pitch: 23.401026
  home:
    world: world
    x: -159.07973008458094
    y: 78.0
    z: -45.27111500733607
    yaw: -1.2068107
    pitch: 21.45065
  ice:
    world: world_nether
    x: 160.02304582751344
    y: 37.0
    z: -128.0762071119837
    yaw: -303.6223
    pitch: 12.750844
lastlocation:
  world: world_nether
  x: 27.719690339937284
  y: 53.0
  z: 27.65797437331102
  yaw: -279.47882
  pitch: 25.650146
logoutlocation:
  world: world
  x: -157.4478112809099
  y: 82.0
  z: -41.122943540487235
  yaw: 348.27936
  pitch: 26.40089
afk: false
