lastAccountName: Honza
timestamps:
  login: 1606318225398
  lastteleport: 1606321802372
  logout: 1606323347690
ipAddress: 213.151.77.246
homes:
  mine:
    world: world
    x: -2007.9954751186526
    y: 62.9375
    z: 737.0140943671938
    yaw: 98.21265
    pitch: -11.098505
  home:
    world: world
    x: -159.51021112436368
    y: 82.0
    z: -45.69999998807907
    yaw: -0.16780472
    pitch: 28.950207
  npc:
    world: world
    x: 258.2107221275823
    y: 74.0
    z: 13.056138278464907
    yaw: -40.938206
    pitch: 18.300474
lastlocation:
  world: world
  x: 288.83359100419347
  y: 70.875
  z: 50.122046534235196
  yaw: 185.26248
  pitch: 37.35068
logoutlocation:
  world: world
  x: -157.19319978790693
  y: 82.0
  z: -40.75201987910496
  yaw: 257.6405
  pitch: 25.65045
afk: false
