lastAccountName: Honza
timestamps:
  login: 1605687907111
  lastteleport: 1605618491846
  logout: 1605688186796
ipAddress: 213.151.77.246
homes:
  home:
    world: world
    x: 96.11807059030225
    y: 36.0
    z: 468.56649933339827
    yaw: 22.18927
    pitch: 29.399883
  mine:
    world: world
    x: 58.657880010974665
    y: 12.0
    z: -31.180173709370905
    yaw: 110.69095
    pitch: 15.899978
  view:
    world: world
    x: -157.28905210658144
    y: 82.0
    z: -38.09786443449227
    yaw: 3.4320989
    pitch: 27.000198
lastlocation:
  world: world
  x: 96.26393025795309
  y: 36.0
  z: 468.88240966341834
  yaw: 53.08945
  pitch: 29.54984
logoutlocation:
  world: world
  x: -158.28167389012862
  y: 71.0
  z: -39.642697967526914
  yaw: 133.50523
  pitch: 25.800499
afk: false
