lastAccountName: Honza
timestamps:
  login: 1610917097268
  lastteleport: 1610921136280
  logout: 1609546134749
ipAddress: 213.151.77.246
homes:
  mine:
    world: world_the_end
    x: 48.185627422615475
    y: 1.0
    z: -296.6987682220002
    yaw: 188.10043
    pitch: 19.349684
  home:
    world: world
    x: -159.51021112436368
    y: 82.0
    z: -45.69999998807907
    yaw: -0.16780472
    pitch: 28.950207
  ice:
    world: world
    x: 3638.4743540004342
    y: 74.0
    z: -1940.7548260427623
    yaw: -243.93326
    pitch: 33.600163
lastlocation:
  world: world
  x: -157.24685326520174
  y: 82.0
  z: -39.80867084700475
  yaw: 53.099163
  pitch: 22.350042
logoutlocation:
  world: world
  x: -156.7344948546903
  y: 86.0
  z: -41.24581698456082
  yaw: 18.431824
  pitch: 24.900164
afk: false
