lastAccountName: Honza
timestamps:
  login: 1606066193155
  lastteleport: 1606073322133
  logout: 1606046832340
ipAddress: 213.151.77.246
homes:
  mine:
    world: world
    x: 58.657880010974665
    y: 12.0
    z: -31.180173709370905
    yaw: 110.69095
    pitch: 15.899978
  home:
    world: world
    x: -159.51021112436368
    y: 82.0
    z: -45.69999998807907
    yaw: -0.16780472
    pitch: 28.950207
  npc:
    world: world
    x: 288.1006986588124
    y: 70.0
    z: 9.966606069294468
    yaw: -143.39005
    pitch: 12.75048
lastlocation:
  world: world
  x: -45.18865057099482
  y: 68.0
  z: -5.0969385129183005
  yaw: 9.4151
  pitch: 37.499893
logoutlocation:
  world: world
  x: -159.0247690899141
  y: 78.0
  z: -42.028641089947456
  yaw: 210.2373
  pitch: 10.350124
afk: false
