lastAccountName: Honza
timestamps:
  login: 1605547980066
  lastteleport: 1605550250403
  logout: 1605550304860
ipAddress: 213.151.77.246
homes:
  home:
    world: world
    x: 96.11807059030225
    y: 36.0
    z: 468.56649933339827
    yaw: 22.18927
    pitch: 29.399883
  mine:
    world: world
    x: 58.657880010974665
    y: 12.0
    z: -31.180173709370905
    yaw: 110.69095
    pitch: 15.899978
  view:
    world: world
    x: -157.28905210658144
    y: 82.0
    z: -38.09786443449227
    yaw: 3.4320989
    pitch: 27.000198
lastlocation:
  world: world
  x: -88.0714519091968
  y: 66.5625
  z: 51.25873678091533
  yaw: 129.30005
  pitch: 27.299927
logoutlocation:
  world: world
  x: -157.52963198892772
  y: 82.0
  z: -38.52335825147314
  yaw: 14.682513
  pitch: 22.500168
afk: false
