lastAccountName: Honza
timestamps:
  login: 1605552909774
  lastteleport: 1605555523576
  logout: 1605550304860
ipAddress: 213.151.77.246
homes:
  home:
    world: world
    x: 96.11807059030225
    y: 36.0
    z: 468.56649933339827
    yaw: 22.18927
    pitch: 29.399883
  mine:
    world: world
    x: 58.657880010974665
    y: 12.0
    z: -31.180173709370905
    yaw: 110.69095
    pitch: 15.899978
  view:
    world: world
    x: -157.28905210658144
    y: 82.0
    z: -38.09786443449227
    yaw: 3.4320989
    pitch: 27.000198
lastlocation:
  world: world
  x: 3.228327312047525
  y: 24.69733382884597
  z: -76.3236371972749
  yaw: 327.71643
  pitch: 60.299854
logoutlocation:
  world: world
  x: -157.52963198892772
  y: 82.0
  z: -38.52335825147314
  yaw: 14.682513
  pitch: 22.500168
afk: false
