lastAccountName: Honza
timestamps:
  login: 1606922925352
  lastteleport: 1606926932342
  logout: 1606926983693
ipAddress: 213.151.77.246
homes:
  mine:
    world: world
    x: -233.3082578887173
    y: 12.0
    z: 145.1680259469827
    yaw: -358.38403
    pitch: 24.900005
  home:
    world: world
    x: -159.51021112436368
    y: 82.0
    z: -45.69999998807907
    yaw: -0.16780472
    pitch: 28.950207
  npc:
    world: world
    x: 258.2107221275823
    y: 74.0
    z: 13.056138278464907
    yaw: -40.938206
    pitch: 18.300474
lastlocation:
  world: world
  x: 318.593625950558
  y: 50.0
  z: -194.7528579552979
  yaw: 177.59131
  pitch: 16.35107
logoutlocation:
  world: world
  x: -155.87234046544157
  y: 86.0
  z: -41.22288404491289
  yaw: 14.980804
  pitch: 34.050247
afk: false
