lastAccountName: Honza
timestamps:
  login: 1606305960263
  lastteleport: 1606310109556
  logout: 1606310448439
ipAddress: 213.151.77.246
homes:
  mine:
    world: world
    x: 58.657880010974665
    y: 12.0
    z: -31.180173709370905
    yaw: 110.69095
    pitch: 15.899978
  home:
    world: world
    x: -159.51021112436368
    y: 82.0
    z: -45.69999998807907
    yaw: -0.16780472
    pitch: 28.950207
  npc:
    world: world
    x: 258.2107221275823
    y: 74.0
    z: 13.056138278464907
    yaw: -40.938206
    pitch: 18.300474
lastlocation:
  world: world
  x: -99.74742509544782
  y: 72.0
  z: -16.93873126549242
  yaw: -283.687
  pitch: -1.7997003
logoutlocation:
  world: world
  x: -158.24187290973373
  y: 78.0
  z: -53.15766376293905
  yaw: -68.130554
  pitch: 19.651339
afk: false
