lastAccountName: Honza
timestamps:
  login: 1606305960263
  lastteleport: 1606306881514
  logout: 1606241560185
ipAddress: 213.151.77.246
homes:
  mine:
    world: world
    x: 58.657880010974665
    y: 12.0
    z: -31.180173709370905
    yaw: 110.69095
    pitch: 15.899978
  home:
    world: world
    x: -159.51021112436368
    y: 82.0
    z: -45.69999998807907
    yaw: -0.16780472
    pitch: 28.950207
  npc:
    world: world
    x: 258.2107221275823
    y: 74.0
    z: 13.056138278464907
    yaw: -40.938206
    pitch: 18.300474
lastlocation:
  world: world
  x: -49.67866345269072
  y: 66.0
  z: 44.44048061441365
  yaw: 166.01764
  pitch: 22.200226
logoutlocation:
  world: world
  x: -159.41932405052523
  y: 78.0
  z: -58.47335901060878
  yaw: 355.6593
  pitch: 14.25268
afk: false
