lastAccountName: Honza
timestamps:
  login: 1615747940241
  lastteleport: 1615748234155
  logout: 1615721237753
ipAddress: 213.151.77.246
homes:
  mine:
    world: world
    x: -2062.421440661186
    y: 70.0
    z: 751.9571028238331
    yaw: 239.40417
    pitch: 23.401026
  home:
    world: world
    x: -159.07973008458094
    y: 78.0
    z: -45.27111500733607
    yaw: -1.2068107
    pitch: 21.45065
  ice:
    world: world
    x: 265.98998311149967
    y: 75.0
    z: 28.436063490091158
    yaw: 209.70457
    pitch: 17.400166
lastlocation:
  world: world
  x: -161.04377368075288
  y: 79.0
  z: -23.75643228928716
  yaw: 312.438
  pitch: 42.450813
logoutlocation:
  world: world
  x: -158.9338331074949
  y: 78.0
  z: -50.92284123897586
  yaw: -4.3575134
  pitch: 9.900586
afk: false
