lastAccountName: Honza
timestamps:
  login: 1609540833577
  lastteleport: 1609541054216
  logout: 1608913182443
ipAddress: 88.102.38.136
homes:
  mine:
    world: world_the_end
    x: 48.185627422615475
    y: 1.0
    z: -296.6987682220002
    yaw: 188.10043
    pitch: 19.349684
  home:
    world: world
    x: -159.51021112436368
    y: 82.0
    z: -45.69999998807907
    yaw: -0.16780472
    pitch: 28.950207
  ice:
    world: world
    x: 3638.4743540004342
    y: 74.0
    z: -1940.7548260427623
    yaw: -243.93326
    pitch: 33.600163
lastlocation:
  world: world
  x: -155.9940444174381
  y: 76.5
  z: -56.41396034828093
  yaw: 93.58205
  pitch: -4.9496093
logoutlocation:
  world: world
  x: -156.21122896198983
  y: 82.0
  z: -41.43655043453911
  yaw: -114.46775
  pitch: 6.750153
afk: false
