lastAccountName: Honza
timestamps:
  login: 1608812214044
  lastteleport: 1608816804154
  logout: 1608811167093
ipAddress: 88.102.38.136
homes:
  mine:
    world: world_the_end
    x: 48.185627422615475
    y: 1.0
    z: -296.6987682220002
    yaw: 188.10043
    pitch: 19.349684
  home:
    world: world
    x: -159.51021112436368
    y: 82.0
    z: -45.69999998807907
    yaw: -0.16780472
    pitch: 28.950207
  ice:
    world: world
    x: 2923.4638189393095
    y: 62.073264633163156
    z: -1771.7596928951998
    yaw: -121.7378
    pitch: 25.650034
lastlocation:
  world: world
  x: -157.04339249003883
  y: 86.0
  z: -42.769191125329066
  yaw: 37.200016
  pitch: -3.450006
logoutlocation:
  world: world
  x: -156.52236297801022
  y: 82.0
  z: -42.702095262813806
  yaw: -158.86786
  pitch: 25.050186
afk: false
