lastAccountName: Honza
timestamps:
  login: 1605717026998
  lastteleport: 1605718341136
  logout: 1605718411089
ipAddress: 213.151.77.246
homes:
  home:
    world: world
    x: 96.11807059030225
    y: 36.0
    z: 468.56649933339827
    yaw: 22.18927
    pitch: 29.399883
  mine:
    world: world
    x: 58.657880010974665
    y: 12.0
    z: -31.180173709370905
    yaw: 110.69095
    pitch: 15.899978
  view:
    world: world
    x: -157.28905210658144
    y: 82.0
    z: -38.09786443449227
    yaw: 3.4320989
    pitch: 27.000198
lastlocation:
  world: world
  x: -157.44814144054317
  y: 71.0
  z: -39.8912214873729
  yaw: 229.46198
  pitch: 43.35183
logoutlocation:
  world: world
  x: 97.48267833738417
  y: 36.0
  z: 468.1883649406559
  yaw: 7.036682
  pitch: 22.049904
afk: false
