lastAccountName: Honza
timestamps:
  login: 1605613742904
  lastteleport: 1605615882023
  logout: 1605611961966
ipAddress: 213.151.77.246
homes:
  home:
    world: world
    x: 96.11807059030225
    y: 36.0
    z: 468.56649933339827
    yaw: 22.18927
    pitch: 29.399883
  mine:
    world: world
    x: 58.657880010974665
    y: 12.0
    z: -31.180173709370905
    yaw: 110.69095
    pitch: 15.899978
  view:
    world: world
    x: -157.28905210658144
    y: 82.0
    z: -38.09786443449227
    yaw: 3.4320989
    pitch: 27.000198
lastlocation:
  world: world
  x: -64.49350349805098
  y: 71.0
  z: 64.43359824056614
  yaw: 2.0675333
  pitch: 27.749947
logoutlocation:
  world: world
  x: -87.45961860916314
  y: 70.0
  z: 45.78556775408344
  yaw: 223.65271
  pitch: 16.650038
afk: false
