lastAccountName: Honza
timestamps:
  login: 1608910589695
  lastteleport: 1608911657226
  logout: 1608817220389
ipAddress: 88.102.38.136
homes:
  mine:
    world: world_the_end
    x: 48.185627422615475
    y: 1.0
    z: -296.6987682220002
    yaw: 188.10043
    pitch: 19.349684
  home:
    world: world
    x: -159.51021112436368
    y: 82.0
    z: -45.69999998807907
    yaw: -0.16780472
    pitch: 28.950207
  ice:
    world: world
    x: 3414.0799119547582
    y: 71.0
    z: -1829.392478595058
    yaw: 64.43515
    pitch: 21.750256
lastlocation:
  world: world
  x: -156.68918255579757
  y: 86.0
  z: -41.32468356389931
  yaw: 288.1323
  pitch: 25.95014
logoutlocation:
  world: world
  x: 3.209603517067254
  y: 64.0
  z: 22.118791709298918
  yaw: 242.96101
  pitch: 13.8000965
afk: false
