lastAccountName: Honza
timestamps:
  login: 1608754701567
  lastteleport: 1608753663169
  logout: 1608754016790
ipAddress: 88.102.38.136
homes:
  mine:
    world: world_the_end
    x: 48.185627422615475
    y: 1.0
    z: -296.6987682220002
    yaw: 188.10043
    pitch: 19.349684
  home:
    world: world
    x: -159.51021112436368
    y: 82.0
    z: -45.69999998807907
    yaw: -0.16780472
    pitch: 28.950207
  npc:
    world: world
    x: 258.2107221275823
    y: 74.0
    z: 13.056138278464907
    yaw: -40.938206
    pitch: 18.300474
lastlocation:
  world: world
  x: -160.69999998807907
  y: 84.5
  z: -42.814376972421705
  yaw: 350.53088
  pitch: 42.00025
logoutlocation:
  world: world_nether
  x: -230.94252521986385
  y: 50.0
  z: 101.30000001192093
  yaw: 171.87599
  pitch: 13.4998865
afk: false
