lastAccountName: Honza
timestamps:
  login: 1605876907806
  lastteleport: 1605786173680
  logout: 1605786256092
ipAddress: 213.151.77.246
homes:
  home:
    world: world
    x: 96.11807059030225
    y: 36.0
    z: 468.56649933339827
    yaw: 22.18927
    pitch: 29.399883
  mine:
    world: world
    x: 58.657880010974665
    y: 12.0
    z: -31.180173709370905
    yaw: 110.69095
    pitch: 15.899978
  view:
    world: world
    x: -157.28905210658144
    y: 82.0
    z: -38.09786443449227
    yaw: 3.4320989
    pitch: 27.000198
lastlocation:
  world: world
  x: -85.42599178109576
  y: 64.0
  z: 2.3000000119209285
  yaw: -90.33527
  pitch: 1.3498992
logoutlocation:
  world: world
  x: -158.86512608011586
  y: 78.0
  z: -43.859694545623995
  yaw: -181.36655
  pitch: 15.150618
afk: false
