lastAccountName: Honza
timestamps:
  login: 1606932912395
  lastteleport: 1606935569754
  logout: 1606932278495
ipAddress: 213.151.77.246
homes:
  mine:
    world: world_the_end
    x: 48.185627422615475
    y: 1.0
    z: -296.6987682220002
    yaw: 188.10043
    pitch: 19.349684
  home:
    world: world
    x: -159.51021112436368
    y: 82.0
    z: -45.69999998807907
    yaw: -0.16780472
    pitch: 28.950207
  npc:
    world: world
    x: 258.2107221275823
    y: 74.0
    z: 13.056138278464907
    yaw: -40.938206
    pitch: 18.300474
lastlocation:
  world: world
  x: -156.2334579650559
  y: 82.0
  z: -44.80873638828449
  yaw: -86.11627
  pitch: 30.600143
logoutlocation:
  world: world
  x: -159.5
  y: 82.0
  z: -45.5
  yaw: -6.9178057
  pitch: 28.200209
afk: false
