lastAccountName: Honza
timestamps:
  login: 1607616612557
  lastteleport: 1607169788327
  logout: 1607616927220
ipAddress: 213.151.77.246
homes:
  mine:
    world: world_the_end
    x: 48.185627422615475
    y: 1.0
    z: -296.6987682220002
    yaw: 188.10043
    pitch: 19.349684
  home:
    world: world
    x: -159.51021112436368
    y: 82.0
    z: -45.69999998807907
    yaw: -0.16780472
    pitch: 28.950207
  npc:
    world: world
    x: 258.2107221275823
    y: 74.0
    z: 13.056138278464907
    yaw: -40.938206
    pitch: 18.300474
lastlocation:
  world: world_the_end
  x: 43.88728717516717
  y: 1.0
  z: -297.6562953565502
  yaw: 313.3518
  pitch: 25.649662
logoutlocation:
  world: world
  x: -158.39138695914173
  y: 78.0
  z: -43.07646240092363
  yaw: 352.49377
  pitch: 20.399681
afk: false
