lastAccountName: Honza
timestamps:
  login: 1612542084811
  lastteleport: 1612543685085
  logout: 1610921537598
ipAddress: 88.102.38.136
homes:
  mine:
    world: world_the_end
    x: 48.185627422615475
    y: 1.0
    z: -296.6987682220002
    yaw: 188.10043
    pitch: 19.349684
  home:
    world: world
    x: -159.51021112436368
    y: 82.0
    z: -45.69999998807907
    yaw: -0.16780472
    pitch: 28.950207
  ice:
    world: world
    x: 3638.4743540004342
    y: 74.0
    z: -1940.7548260427623
    yaw: -243.93326
    pitch: 33.600163
lastlocation:
  world: world
  x: -156.8659987114464
  y: 86.0
  z: -41.82059085120166
  yaw: 308.3827
  pitch: 23.700066
logoutlocation:
  world: world
  x: -85.42340631222953
  y: 68.9375
  z: 34.31509451118824
  yaw: 59.516216
  pitch: 5.5499873
afk: false
