lastAccountName: Honza
timestamps:
  login: 1607687885654
  lastteleport: 1607690578197
  logout: 1607690670484
ipAddress: 213.151.77.246
homes:
  mine:
    world: world_the_end
    x: 48.185627422615475
    y: 1.0
    z: -296.6987682220002
    yaw: 188.10043
    pitch: 19.349684
  home:
    world: world
    x: -159.51021112436368
    y: 82.0
    z: -45.69999998807907
    yaw: -0.16780472
    pitch: 28.950207
  npc:
    world: world
    x: 258.2107221275823
    y: 74.0
    z: 13.056138278464907
    yaw: -40.938206
    pitch: 18.300474
lastlocation:
  world: world
  x: -106.79359990204159
  y: 77.0
  z: -10.336095396333889
  yaw: 242.66624
  pitch: 21.749987
logoutlocation:
  world: world
  x: -157.84578181142038
  y: 71.0
  z: -44.563854466984374
  yaw: -251.87012
  pitch: 33.750095
afk: false
