lastAccountName: Honza
timestamps:
  login: 1616008341166
  lastteleport: 1616013682402
  logout: 1616014193014
ipAddress: 213.151.77.246
homes:
  mine:
    world: world
    x: -2062.421440661186
    y: 70.0
    z: 751.9571028238331
    yaw: 239.40417
    pitch: 23.401026
  home:
    world: world
    x: -159.07973008458094
    y: 78.0
    z: -45.27111500733607
    yaw: -1.2068107
    pitch: 21.45065
  ice:
    world: world_the_end
    x: 47.95589042440935
    y: 1.0
    z: -128.6167957455589
    yaw: 16.043776
    pitch: -38.997414
lastlocation:
  world: world_the_end
  x: 47.717942684455
  y: 1.0
  z: -293.006818773053
  yaw: 5.7035184
  pitch: 20.250502
logoutlocation:
  world: world_the_end
  x: 47.39910761529783
  y: 1.0
  z: -254.3313722215948
  yaw: 358.05298
  pitch: 20.100622
afk: false
