lastAccountName: Honza
timestamps:
  login: 1605876907806
  lastteleport: 1605877233214
  logout: 1605877371843
ipAddress: 213.151.77.246
homes:
  home:
    world: world
    x: 96.11807059030225
    y: 36.0
    z: 468.56649933339827
    yaw: 22.18927
    pitch: 29.399883
  mine:
    world: world
    x: 58.657880010974665
    y: 12.0
    z: -31.180173709370905
    yaw: 110.69095
    pitch: 15.899978
  view:
    world: world
    x: -157.28905210658144
    y: 82.0
    z: -38.09786443449227
    yaw: 3.4320989
    pitch: 27.000198
lastlocation:
  world: world
  x: -154.33730396709882
  y: 68.0
  z: -41.00458355921822
  yaw: -9.772217
  pitch: 23.700394
logoutlocation:
  world: world
  x: -158.3380486340924
  y: 71.0
  z: -39.30000001192093
  yaw: -192.4596
  pitch: 21.750463
afk: false
