lastAccountName: Honza
timestamps:
  login: 1613144597495
  lastteleport: 1613144916216
  logout: 1612546469857
ipAddress: 213.151.77.246
homes:
  mine:
    world: world_the_end
    x: 48.185627422615475
    y: 1.0
    z: -296.6987682220002
    yaw: 188.10043
    pitch: 19.349684
  home:
    world: world
    x: -159.51021112436368
    y: 82.0
    z: -45.69999998807907
    yaw: -0.16780472
    pitch: 28.950207
  ice:
    world: world
    x: 258.75994791884796
    y: 74.0
    z: 10.924649217140876
    yaw: 276.2675
    pitch: 18.000008
lastlocation:
  world: world
  x: -155.5
  y: 86.0
  z: -44.5
  yaw: -32.550014
  pitch: 17.999996
logoutlocation:
  world: world
  x: -157.3313104103327
  y: 82.0
  z: -38.72089237806635
  yaw: -5.2677064
  pitch: 14.700209
afk: false
