lastAccountName: Honza
timestamps:
  login: 1605552909774
  lastteleport: 1605558076438
  logout: 1605558080666
ipAddress: 213.151.77.246
homes:
  home:
    world: world
    x: 96.11807059030225
    y: 36.0
    z: 468.56649933339827
    yaw: 22.18927
    pitch: 29.399883
  mine:
    world: world
    x: 58.657880010974665
    y: 12.0
    z: -31.180173709370905
    yaw: 110.69095
    pitch: 15.899978
  view:
    world: world
    x: -157.28905210658144
    y: 82.0
    z: -38.09786443449227
    yaw: 3.4320989
    pitch: 27.000198
lastlocation:
  world: world
  x: -15.203114343971404
  y: 70.0
  z: 82.43713161032147
  yaw: 25.933228
  pitch: 10.950235
logoutlocation:
  world: world
  x: -156.35442212120964
  y: 82.0
  z: -40.42764040146159
  yaw: 85.03187
  pitch: 16.950216
afk: false
