lastAccountName: Honza
timestamps:
  login: 1606218935946
  lastteleport: 1606221251017
  logout: 1606221331409
ipAddress: 213.151.77.246
homes:
  mine:
    world: world
    x: 58.657880010974665
    y: 12.0
    z: -31.180173709370905
    yaw: 110.69095
    pitch: 15.899978
  home:
    world: world
    x: -159.51021112436368
    y: 82.0
    z: -45.69999998807907
    yaw: -0.16780472
    pitch: 28.950207
  npc:
    world: world
    x: 258.2107221275823
    y: 74.0
    z: 13.056138278464907
    yaw: -40.938206
    pitch: 18.300474
lastlocation:
  world: world
  x: -40.798973230422796
  y: 65.9375
  z: 38.610385873922795
  yaw: -49.381714
  pitch: 20.550045
logoutlocation:
  world: world
  x: -159.01413439751434
  y: 78.0
  z: -51.409426011697086
  yaw: 291.13504
  pitch: 20.400143
afk: false
