lastAccountName: Honza
timestamps:
  login: 1615718050924
  lastteleport: 1615671735013
  logout: 1615672141954
ipAddress: 213.151.77.246
homes:
  mine:
    world: world
    x: -390.1587310644801
    y: 27.5
    z: -1348.0886572022334
    yaw: -195.30052
    pitch: 16.950264
  home:
    world: world
    x: -159.07973008458094
    y: 78.0
    z: -45.27111500733607
    yaw: -1.2068107
    pitch: 21.45065
  ice:
    world: world_nether
    x: -34.1403463093108
    y: 33.0
    z: 120.41018526171155
    yaw: -351.19513
    pitch: 40.800907
lastlocation:
  world: world
  x: -379.3023017303133
  y: 27.0
  z: -1347.541943876882
  yaw: 88.64936
  pitch: 14.700784
logoutlocation:
  world: world
  x: -242.36946056902417
  y: 18.0
  z: -1348.0177914013675
  yaw: -267.50195
  pitch: 10.649129
afk: false
