lastAccountName: Honza
timestamps:
  login: 1615316820917
  lastteleport: 1615321097719
  logout: 1615032371800
ipAddress: 213.151.77.246
homes:
  mine:
    world: world_the_end
    x: 48.185627422615475
    y: 1.0
    z: -296.6987682220002
    yaw: 188.10043
    pitch: 19.349684
  home:
    world: world
    x: -159.51021112436368
    y: 82.0
    z: -45.69999998807907
    yaw: -0.16780472
    pitch: 28.950207
  ice:
    world: world
    x: 258.75994791884796
    y: 74.0
    z: 10.924649217140876
    yaw: 276.2675
    pitch: 18.000008
lastlocation:
  world: world
  x: -147.33491010150655
  y: 73.0
  z: -70.80510005543908
  yaw: -21.183105
  pitch: 30.900549
logoutlocation:
  world: world
  x: -457.92500001192093
  y: 64.0
  z: 362.8588445432282
  yaw: 15.633545
  pitch: 14.55034
afk: false
