lastAccountName: Honza
timestamps:
  login: 1608812214044
  lastteleport: 1608812561461
  logout: 1608811167093
ipAddress: 88.102.38.136
homes:
  mine:
    world: world_the_end
    x: 48.185627422615475
    y: 1.0
    z: -296.6987682220002
    yaw: 188.10043
    pitch: 19.349684
  home:
    world: world
    x: -159.51021112436368
    y: 82.0
    z: -45.69999998807907
    yaw: -0.16780472
    pitch: 28.950207
  npc:
    world: world
    x: 258.2107221275823
    y: 74.0
    z: 13.056138278464907
    yaw: -40.938206
    pitch: 18.300474
lastlocation:
  world: world
  x: -157.3926661714389
  y: 86.0
  z: -42.18584178943718
  yaw: 359.9819
  pitch: 22.65018
logoutlocation:
  world: world
  x: -156.52236297801022
  y: 82.0
  z: -42.702095262813806
  yaw: -158.86786
  pitch: 25.050186
afk: false
