lastAccountName: Honza
timestamps:
  login: 1606392471610
  lastteleport: 1606393228907
  logout: 1606393291739
ipAddress: 213.151.77.246
homes:
  mine:
    world: world
    x: -3.2363990981955926
    y: 78.0
    z: 477.22007356394886
    yaw: -118.6249
    pitch: 27.900105
  home:
    world: world
    x: -159.51021112436368
    y: 82.0
    z: -45.69999998807907
    yaw: -0.16780472
    pitch: 28.950207
  npc:
    world: world
    x: 258.2107221275823
    y: 74.0
    z: 13.056138278464907
    yaw: -40.938206
    pitch: 18.300474
lastlocation:
  world: world
  x: -2.46403256315468
  y: 76.5
  z: 475.88279523501365
  yaw: -180.12488
  pitch: 33.150105
logoutlocation:
  world: world
  x: -159.21225257256765
  y: 78.0
  z: -51.336901743306115
  yaw: -10.67157
  pitch: 21.900232
afk: false
