lastAccountName: Honza
timestamps:
  login: 1615834069908
  lastteleport: 1615836615621
  logout: 1615752593682
ipAddress: 213.151.77.246
homes:
  mine:
    world: world
    x: -2062.421440661186
    y: 70.0
    z: 751.9571028238331
    yaw: 239.40417
    pitch: 23.401026
  home:
    world: world
    x: -159.07973008458094
    y: 78.0
    z: -45.27111500733607
    yaw: -1.2068107
    pitch: 21.45065
  ice:
    world: world
    x: -134.32872395741597
    y: 40.0
    z: 179.52114588640075
    yaw: -31.531372
    pitch: 9.15016
lastlocation:
  world: world
  x: -79.79148426808757
  y: 68.9375
  z: 30.497237694239317
  yaw: -257.7337
  pitch: -18.600025
logoutlocation:
  world: world
  x: -2061.6782724910513
  y: 70.0
  z: 758.0664890157059
  yaw: 271.9591
  pitch: -19.499582
afk: false
