lastAccountName: Honza
timestamps:
  login: 1606932912395
  lastteleport: 1606937057472
  logout: 1606937076544
ipAddress: 213.151.77.246
homes:
  mine:
    world: world_the_end
    x: 48.185627422615475
    y: 1.0
    z: -296.6987682220002
    yaw: 188.10043
    pitch: 19.349684
  home:
    world: world
    x: -159.51021112436368
    y: 82.0
    z: -45.69999998807907
    yaw: -0.16780472
    pitch: 28.950207
  npc:
    world: world
    x: 258.2107221275823
    y: 74.0
    z: 13.056138278464907
    yaw: -40.938206
    pitch: 18.300474
lastlocation:
  world: world
  x: 267.34783768884375
  y: 74.5
  z: 26.155923959201566
  yaw: 88.361946
  pitch: 11.85049
logoutlocation:
  world: world
  x: -158.91163121020912
  y: 82.0
  z: -42.76100853495186
  yaw: 223.78214
  pitch: 19.650211
afk: false
