lastAccountName: Honza
timestamps:
  login: 1608754701567
  lastteleport: 1608757124765
  logout: 1608757255048
ipAddress: 88.102.38.136
homes:
  mine:
    world: world_the_end
    x: 48.185627422615475
    y: 1.0
    z: -296.6987682220002
    yaw: 188.10043
    pitch: 19.349684
  home:
    world: world
    x: -159.51021112436368
    y: 82.0
    z: -45.69999998807907
    yaw: -0.16780472
    pitch: 28.950207
  npc:
    world: world
    x: 258.2107221275823
    y: 74.0
    z: 13.056138278464907
    yaw: -40.938206
    pitch: 18.300474
lastlocation:
  world: world
  x: -518.2785461642604
  y: 110.0
  z: 130.64501530733622
  yaw: -128.19556
  pitch: 32.39988
logoutlocation:
  world: world
  x: -156.22809408175377
  y: 82.0
  z: -42.5285276163014
  yaw: 216.8848
  pitch: 22.95039
afk: false
