lastAccountName: ProfiLama
timestamps:
  login: 1615319488427
  logout: 1615319624264
ipAddress: 94.113.66.117
logoutlocation:
  world: world
  x: -53.50375333010324
  y: 66.0
  z: 23.56545514795246
  yaw: 3.5974793
  pitch: 19.199987
