lastAccountName: Bandor
timestamps:
  login: 1617734226758
  logout: 1617734424051
ipAddress: 213.192.1.30
lastlocation:
  world: world
  x: 0.0
  y: 63.0
  z: 0.0
  yaw: 0.0
  pitch: 0.0
logoutlocation:
  world: world
  x: 2303.6956961527517
  y: 127.0
  z: -367.456266200821
  yaw: 80.10225
  pitch: 10.935856
