timestamps:
  login: 1617241730986
  logout: 1617241872863
  lastteleport: 1615833110210
lastlocation:
  world: world
  x: -79.5529589310503
  y: 68.9375
  z: 29.851054106868588
  yaw: 107.549995
  pitch: 1.5000012
logoutlocation:
  world: cworld
  x: -48.477387995309854
  y: 75.40237831704738
  z: 48.50712383108289
  yaw: -110.40021
  pitch: 22.050095
ip-address: 85.70.61.69
last-account-name: dummy
