lastAccountName: dummy
timestamps:
  login: 1607368967774
  logout: 1607370702715
ipAddress: 85.70.61.69
lastlocation:
  world: world
  x: -78.5
  y: 69.0
  z: 30.5
  yaw: -266.69998
  pitch: 12.600046
logoutlocation:
  world: lobby
  x: 0.5
  y: 64.0
  z: 0.194850532567295
  yaw: 1.0500003
  pitch: 36.89999
