lastAccountName: dummy
timestamps:
  login: 1615832094353
  logout: 1615833151448
  lastteleport: 1615833110210
ipAddress: 85.70.61.69
lastlocation:
  world: world
  x: -79.5529589310503
  y: 68.9375
  z: 29.851054106868588
  yaw: 107.549995
  pitch: 1.5000012
logoutlocation:
  world: cworld
  x: -55.19625226388889
  y: 73.28261278741547
  z: 63.011000093651724
  yaw: -97.95013
  pitch: 21.149967
