lastAccountName: TrautenberkCZ
timestamps:
  login: 1615054694554
  logout: 1615054142054
  lastteleport: 1603662454478
ipAddress: 134.130.116.143
logoutlocation:
  world: world
  x: -17.850316954713637
  y: 64.0
  z: 18.225404925397136
  yaw: -270.34845
  pitch: 54.064487
lastlocation:
  world: world_nether
  x: -260.91722764098967
  y: 100.0
  z: 5.6034006502496485
  yaw: -330.16113
  pitch: 10.649948
homes:
  home:
    world: world
    x: -26.889474797948345
    y: 69.0
    z: 104.52161550046497
    yaw: 291.55212
    pitch: 17.99976
