lastAccountName: TrautenberkCZ
timestamps:
  login: 1615317349393
  logout: 1615304247150
  lastteleport: 1615325470823
ipAddress: 134.130.116.143
logoutlocation:
  world: world
  x: -142.07111762443589
  y: 229.0
  z: 196.68811421180317
  yaw: -171.29709
  pitch: 48.14975
lastlocation:
  world: world
  x: -141.42918658894496
  y: 229.0
  z: 196.43958332805258
  yaw: -86.097435
  pitch: -17.549973
homes:
  x:
    world: world_the_end
    x: 1003.9395564981695
    y: 69.0
    z: 1015.1416266262814
    yaw: -124.0918
    pitch: 50.850033
  c:
    world: world
    x: -135.8856962286652
    y: 41.0
    z: 185.69999998807907
    yaw: -219.14673
    pitch: 39.149994
  v:
    world: world
    x: -142.17463510034608
    y: 229.0
    z: 196.19063462630925
    yaw: -49.047436
    pitch: 17.40003
afk: false
