lastAccountName: TrautenberkCZ
timestamps:
  login: 1615835028153
  logout: 1615843085152
  lastteleport: 1615843082566
ipAddress: 134.130.116.143
logoutlocation:
  world: world
  x: -141.87193858758297
  y: 229.0
  z: 196.5025826342439
  yaw: -77.69744
  pitch: 3.0000308
lastlocation:
  world: world_nether
  x: -7.0114927310310495
  y: 80.0
  z: 14.238457972585524
  yaw: -234.31284
  pitch: 42.750557
homes:
  x:
    world: world_nether
    x: -6.822421907596433
    y: 80.0
    z: 13.641667246442427
    yaw: -181.81287
    pitch: 18.750595
  c:
    world: world
    x: -29.95865585848532
    y: 69.0
    z: 105.3274228332948
    yaw: -72.762665
    pitch: 25.350561
  v:
    world: world
    x: -142.17463510034608
    y: 229.0
    z: 196.19063462630925
    yaw: -49.047436
    pitch: 17.40003
afk: false
