lastAccountName: TrautenberkCZ
timestamps:
  login: 1615101663937
  logout: 1615078941703
  lastteleport: 1615103592661
ipAddress: 134.130.116.143
logoutlocation:
  world: world
  x: -134.92500001192093
  y: 231.0
  z: 191.56033887443078
  yaw: -153.6012
  pitch: 31.499796
lastlocation:
  world: world_the_end
  x: 43.30000001192094
  y: 61.0
  z: 3.251178615305573
  yaw: 293.2505
  pitch: 16.949867
homes:
  vez:
    world: world
    x: -140.95355304384805
    y: 230.0
    z: 195.12858866530564
    yaw: -5.998722
    pitch: 33.449757
  stavba:
    world: world_the_end
    x: 43.30000001192094
    y: 61.0
    z: 3.251178615305573
    yaw: 293.2505
    pitch: 16.949867
  ves:
    world: world
    x: -17.066951095327614
    y: 67.0
    z: 103.06729384618424
    yaw: -62.998966
    pitch: 8.4
