lastAccountName: TrautenberkCZ
timestamps:
  login: 1615664368830
  logout: 1615664365360
  lastteleport: 1615665661784
ipAddress: 134.130.116.143
logoutlocation:
  world: world
  x: -141.78114975016157
  y: 229.0
  z: 197.37720321290956
  yaw: -188.39717
  pitch: 45.750076
lastlocation:
  world: world_nether
  x: 52.424126314886436
  y: 55.0
  z: 14.328412348510307
  yaw: -104.24413
  pitch: -4.7998166
homes:
  x:
    world: world
    x: -92.84671727510826
    y: 65.0
    z: 30.085047273671837
    yaw: 185.85031
    pitch: 30.149973
  c:
    world: world_nether
    x: -11.307079103299406
    y: 65.5
    z: -0.19628921298783636
    yaw: 262.05508
    pitch: 22.64995
  v:
    world: world
    x: -142.17463510034608
    y: 229.0
    z: 196.19063462630925
    yaw: -49.047436
    pitch: 17.40003
afk: false
