lastAccountName: TrautenberkCZ
timestamps:
  login: 1615119429637
  logout: 1615127435803
  lastteleport: 1615127292863
ipAddress: 134.130.116.143
logoutlocation:
  world: world
  x: -140.66943177019652
  y: 229.1875
  z: 196.13694013110572
  yaw: -168.89767
  pitch: 60.75011
lastlocation:
  world: world
  x: -137.56836522594563
  y: 64.0
  z: 196.48854279279277
  yaw: -221.84784
  pitch: 46.199963
homes:
  x:
    world: world_the_end
    x: 981.3000000119209
    y: 113.5
    z: 1016.5946917152534
    yaw: -137.85245
    pitch: 13.050034
  c:
    world: world
    x: -147.51079289330767
    y: 63.0
    z: 185.57007612434222
    yaw: -200.39835
    pitch: 10.199894
  v:
    world: world
    x: -142.17463510034608
    y: 229.0
    z: 196.19063462630925
    yaw: -49.047436
    pitch: 17.40003
