lastAccountName: TrautenberkCZ
timestamps:
  login: 1615664368830
  logout: 1615664365360
  lastteleport: 1615671727508
ipAddress: 134.130.116.143
logoutlocation:
  world: world
  x: -141.78114975016157
  y: 229.0
  z: 197.37720321290956
  yaw: -188.39717
  pitch: 45.750076
lastlocation:
  world: world_nether
  x: 137.5
  y: 80.0
  z: 14.5
  yaw: 84.752594
  pitch: 4.950036
homes:
  x:
    world: world_nether
    x: 137.0057714359288
    y: 80.0
    z: 14.068124787004031
    yaw: 84.752594
    pitch: 4.950036
  c:
    world: world_nether
    x: 90.30000001192093
    y: 71.0
    z: 14.772220768484305
    yaw: -109.04731
    pitch: -5.2499547
  v:
    world: world
    x: -142.17463510034608
    y: 229.0
    z: 196.19063462630925
    yaw: -49.047436
    pitch: 17.40003
afk: false
