lastAccountName: TrautenberkCZ
timestamps:
  login: 1615277096903
  logout: 1615278115391
  lastteleport: 1615277725085
ipAddress: 134.130.116.143
logoutlocation:
  world: world
  x: -139.62216126783065
  y: 234.0
  z: 195.20735946336137
  yaw: -171.9002
  pitch: 16.499964
lastlocation:
  world: world
  x: -154.30124577775143
  y: 12.0
  z: 193.9552421516639
  yaw: -110.847595
  pitch: 17.549988
homes:
  x:
    world: world_the_end
    x: 981.3000000119209
    y: 113.5
    z: 1016.5946917152534
    yaw: -137.85245
    pitch: 13.050034
  c:
    world: world
    x: -147.51079289330767
    y: 63.0
    z: 185.57007612434222
    yaw: -200.39835
    pitch: 10.199894
  v:
    world: world
    x: -142.17463510034608
    y: 229.0
    z: 196.19063462630925
    yaw: -49.047436
    pitch: 17.40003
afk: false
