lastAccountName: TrautenberkCZ
timestamps:
  login: 1615054694554
  logout: 1615078941703
  lastteleport: 1615078240724
ipAddress: 134.130.116.143
logoutlocation:
  world: world
  x: -134.92500001192093
  y: 231.0
  z: 191.56033887443078
  yaw: -153.6012
  pitch: 31.499796
lastlocation:
  world: world
  x: -154.69999998807907
  y: 64.0
  z: 176.79576929348926
  yaw: -26.097837
  pitch: -11.400014
homes:
  vez:
    world: world
    x: -140.95355304384805
    y: 230.0
    z: 195.12858866530564
    yaw: -5.998722
    pitch: 33.449757
  stavba:
    world: world
    x: -150.2994010969664
    y: 65.0
    z: 188.114869068397
    yaw: -31.497803
    pitch: 10.349793
  ves:
    world: world
    x: -17.066951095327614
    y: 67.0
    z: 103.06729384618424
    yaw: -62.998966
    pitch: 8.4
