lastAccountName: TrautenberkCZ
timestamps:
  login: 1615298895587
  logout: 1615304247150
  lastteleport: 1615304034529
ipAddress: 134.130.116.143
logoutlocation:
  world: world
  x: -142.07111762443589
  y: 229.0
  z: 196.68811421180317
  yaw: -171.29709
  pitch: 48.14975
lastlocation:
  world: world
  x: -18.978199084317858
  y: 82.5
  z: 111.6031345707714
  yaw: 80.699974
  pitch: 28.200075
homes:
  x:
    world: world_the_end
    x: 981.3000000119209
    y: 113.5
    z: 1016.5946917152534
    yaw: -137.85245
    pitch: 13.050034
  c:
    world: world
    x: -12.717095718401886
    y: 86.0
    z: 111.61385212268448
    yaw: 269.25043
    pitch: 26.5501
  v:
    world: world
    x: -142.17463510034608
    y: 229.0
    z: 196.19063462630925
    yaw: -49.047436
    pitch: 17.40003
afk: false
