lastAccountName: TrautenberkCZ
timestamps:
  login: 1615835028153
  logout: 1615675229350
  lastteleport: 1615836635252
ipAddress: 134.130.116.143
logoutlocation:
  world: world
  x: -141.04418020871296
  y: 229.0
  z: 197.05049720248903
  yaw: -101.99747
  pitch: 32.250015
lastlocation:
  world: world
  x: -140.72840743746892
  y: 229.0
  z: 197.03005297265125
  yaw: -130.49745
  pitch: 26.550018
homes:
  x:
    world: world_nether
    x: -6.822421907596433
    y: 80.0
    z: 13.641667246442427
    yaw: -181.81287
    pitch: 18.750595
  c:
    world: world
    x: -137.1231790551161
    y: 39.0
    z: 181.0537882607294
    yaw: 63.152676
    pitch: 26.699955
  v:
    world: world
    x: -142.17463510034608
    y: 229.0
    z: 196.19063462630925
    yaw: -49.047436
    pitch: 17.40003
afk: false
