lastAccountName: TrautenberkCZ
timestamps:
  login: 1615119429637
  logout: 1615119408449
  lastteleport: 1615120618229
ipAddress: 134.130.116.143
logoutlocation:
  world: world
  x: -140.908489258521
  y: 230.0
  z: 195.22243847744198
  yaw: -164.39793
  pitch: 13.049742
lastlocation:
  world: world
  x: -141.69999998807907
  y: 49.0
  z: 194.95639247313093
  yaw: -136.20691
  pitch: -64.35003
homes:
  vez:
    world: world
    x: -140.89060494991332
    y: 230.0
    z: 194.4504273848324
    yaw: -7.948144
    pitch: 17.399717
  x:
    world: world_the_end
    x: 981.3000000119209
    y: 113.5
    z: 1016.5946917152534
    yaw: -137.85245
    pitch: 13.050034
  c:
    world: world
    x: -138.06121639800432
    y: 64.0
    z: 192.30000001192093
    yaw: -301.50732
    pitch: 40.949932
