lastAccountName: TrautenberkCZ
timestamps:
  login: 1615238386096
  logout: 1615239707806
  lastteleport: 1615239568850
ipAddress: 134.130.116.143
logoutlocation:
  world: world
  x: -140.89814124260857
  y: 229.1875
  z: 196.05760735319495
  yaw: -167.99754
  pitch: 19.350065
lastlocation:
  world: world
  x: -148.60654156780583
  y: 64.0
  z: 135.78016245568688
  yaw: -345.45337
  pitch: 24.750942
homes:
  x:
    world: world_the_end
    x: 981.3000000119209
    y: 113.5
    z: 1016.5946917152534
    yaw: -137.85245
    pitch: 13.050034
  c:
    world: world
    x: -147.51079289330767
    y: 63.0
    z: 185.57007612434222
    yaw: -200.39835
    pitch: 10.199894
  v:
    world: world
    x: -142.17463510034608
    y: 229.0
    z: 196.19063462630925
    yaw: -49.047436
    pitch: 17.40003
afk: false
