lastAccountName: TrautenberkCZ
timestamps:
  login: 1615054694554
  logout: 1615054142054
  lastteleport: 1615078099326
ipAddress: 134.130.116.143
logoutlocation:
  world: world
  x: -17.850316954713637
  y: 64.0
  z: 18.225404925397136
  yaw: -270.34845
  pitch: 54.064487
lastlocation:
  world: world
  x: -140.5
  y: 230.0
  z: 195.5
  yaw: -54.448734
  pitch: 5.549747
homes:
  vez:
    world: world
    x: -140.95355304384805
    y: 230.0
    z: 195.12858866530564
    yaw: -5.998722
    pitch: 33.449757
  stavba:
    world: world
    x: -150.2994010969664
    y: 65.0
    z: 188.114869068397
    yaw: -31.497803
    pitch: 10.349793
  ves:
    world: world
    x: -17.066951095327614
    y: 67.0
    z: 103.06729384618424
    yaw: -62.998966
    pitch: 8.4
