lastAccountName: TrautenberkCZ
timestamps:
  login: 1615914047023
  logout: 1615843085152
  lastteleport: 1615914906986
ipAddress: 134.130.116.143
logoutlocation:
  world: world
  x: -141.87193858758297
  y: 229.0
  z: 196.5025826342439
  yaw: -77.69744
  pitch: 3.0000308
lastlocation:
  world: world
  x: -141.1153950657708
  y: 229.0
  z: 197.071106074843
  yaw: -108.59741
  pitch: -21.449968
homes:
  x:
    world: world_nether
    x: -6.822421907596433
    y: 80.0
    z: 13.641667246442427
    yaw: -181.81287
    pitch: 18.750595
  c:
    world: world
    x: -29.95865585848532
    y: 69.0
    z: 105.3274228332948
    yaw: -72.762665
    pitch: 25.350561
  v:
    world: world
    x: -142.17463510034608
    y: 229.0
    z: 196.19063462630925
    yaw: -49.047436
    pitch: 17.40003
afk: false
