lastAccountName: TrautenberkCZ
timestamps:
  login: 1615298895587
  logout: 1615298891150
  lastteleport: 1615299726818
ipAddress: 134.130.116.143
logoutlocation:
  world: world
  x: -141.95123926699443
  y: 229.0
  z: 197.19953783446167
  yaw: -143.99747
  pitch: 46.650055
lastlocation:
  world: world
  x: -141.0774089324526
  y: 229.0
  z: 198.69999998807907
  yaw: -235.34738
  pitch: -1.0499686
homes:
  x:
    world: world_the_end
    x: 981.3000000119209
    y: 113.5
    z: 1016.5946917152534
    yaw: -137.85245
    pitch: 13.050034
  c:
    world: world
    x: -26.050580612215846
    y: 72.0
    z: 115.56042011571047
    yaw: -75.00006
    pitch: 6.150088
  v:
    world: world
    x: -142.17463510034608
    y: 229.0
    z: 196.19063462630925
    yaw: -49.047436
    pitch: 17.40003
afk: false
