lastAccountName: TrautenberkCZ
timestamps:
  login: 1616009308287
  logout: 1616014728957
  lastteleport: 1616014724932
ipAddress: 134.130.116.143
logoutlocation:
  world: world
  x: -140.43459683931047
  y: 229.0
  z: 196.33082474596694
  yaw: -90.29741
  pitch: 37.200035
lastlocation:
  world: world_nether
  x: 233.12944303219106
  y: 83.0
  z: 17.365090328583772
  yaw: 173.68034
  pitch: 33.150436
homes:
  x:
    world: world_nether
    x: -12.398268287803889
    y: 71.0
    z: 14.224508294232637
    yaw: 262.03052
    pitch: 26.850325
  c:
    world: world
    x: -29.95865585848532
    y: 69.0
    z: 105.3274228332948
    yaw: -72.762665
    pitch: 25.350561
  v:
    world: world
    x: -142.17463510034608
    y: 229.0
    z: 196.19063462630925
    yaw: -49.047436
    pitch: 17.40003
afk: false
