lastAccountName: TrautenberkCZ
timestamps:
  login: 1616353436267
  logout: 1616185168104
  lastteleport: 1616355714158
ipAddress: 134.130.116.143
logoutlocation:
  world: world
  x: -140.2759958827519
  y: 229.0
  z: 197.2400903287782
  yaw: -139.94775
  pitch: 21.750177
lastlocation:
  world: world
  x: -140.80544441516835
  y: 229.0
  z: 196.80516856899206
  yaw: -96.89741
  pitch: 21.300022
homes:
  x:
    world: world
    x: -186.53387752522292
    y: 63.0
    z: 4.699999988079071
    yaw: 141.30293
    pitch: 39.749947
  c:
    world: world
    x: -187.59055162470915
    y: 68.0
    z: 2.295116306591594
    yaw: -229.3471
    pitch: 27.450003
  v:
    world: world
    x: -142.17463510034608
    y: 229.0
    z: 196.19063462630925
    yaw: -49.047436
    pitch: 17.40003
afk: false
