lastAccountName: TrautenberkCZ
timestamps:
  login: 1615662189341
  logout: 1615335955650
  lastteleport: 1615662641478
ipAddress: 134.130.116.143
logoutlocation:
  world: world
  x: -109.9996036221996
  y: 72.0
  z: -8.999972028887054
  yaw: -167.40527
  pitch: 56.40022
lastlocation:
  world: world
  x: -19.699999988079128
  y: 67.875
  z: 111.25488610571838
  yaw: 1.4912109
  pitch: 26.25009
homes:
  x:
    world: world_the_end
    x: 1003.9395564981695
    y: 69.0
    z: 1015.1416266262814
    yaw: -124.0918
    pitch: 50.850033
  c:
    world: world
    x: -135.8856962286652
    y: 41.0
    z: 185.69999998807907
    yaw: -219.14673
    pitch: 39.149994
  v:
    world: world
    x: -142.17463510034608
    y: 229.0
    z: 196.19063462630925
    yaw: -49.047436
    pitch: 17.40003
afk: false
