lastAccountName: TrautenberkCZ
timestamps:
  login: 1615133862092
  logout: 1615137477959
  lastteleport: 1615136975711
ipAddress: 134.130.116.143
logoutlocation:
  world: world
  x: -138.32317696501934
  y: 231.0
  z: 193.37580293870312
  yaw: -320.6967
  pitch: 36.599976
lastlocation:
  world: world
  x: -139.12433377800852
  y: 234.0
  z: 197.4522500152696
  yaw: -53.846134
  pitch: 26.549747
homes:
  x:
    world: world_the_end
    x: 981.3000000119209
    y: 113.5
    z: 1016.5946917152534
    yaw: -137.85245
    pitch: 13.050034
  c:
    world: world
    x: -147.51079289330767
    y: 63.0
    z: 185.57007612434222
    yaw: -200.39835
    pitch: 10.199894
  v:
    world: world
    x: -142.17463510034608
    y: 229.0
    z: 196.19063462630925
    yaw: -49.047436
    pitch: 17.40003
afk: false
