lastAccountName: TrautenberkCZ
timestamps:
  login: 1616009308287
  logout: 1615917345152
  lastteleport: 1616013291998
ipAddress: 134.130.116.143
logoutlocation:
  world: world_nether
  x: -14.5
  y: 68.0
  z: 13.5
  yaw: -76.66168
  pitch: 12.300261
lastlocation:
  world: world
  x: -140.83258927399592
  y: 229.0
  z: 197.7183860254856
  yaw: -276.74756
  pitch: 23.85004
homes:
  x:
    world: world_nether
    x: -12.398268287803889
    y: 71.0
    z: 14.224508294232637
    yaw: 262.03052
    pitch: 26.850325
  c:
    world: world
    x: -29.95865585848532
    y: 69.0
    z: 105.3274228332948
    yaw: -72.762665
    pitch: 25.350561
  v:
    world: world
    x: -142.17463510034608
    y: 229.0
    z: 196.19063462630925
    yaw: -49.047436
    pitch: 17.40003
afk: false
