lastAccountName: TrautenberkCZ
timestamps:
  login: 1615054694554
  logout: 1615054142054
  lastteleport: 1615069482532
ipAddress: 134.130.116.143
logoutlocation:
  world: world
  x: -17.850316954713637
  y: 64.0
  z: 18.225404925397136
  yaw: -270.34845
  pitch: 54.064487
lastlocation:
  world: world
  x: -134.13828797267928
  y: 48.0
  z: 180.6553860683695
  yaw: -300.45245
  pitch: 67.04991
homes:
  vez:
    world: world
    x: -140.95355304384805
    y: 230.0
    z: 195.12858866530564
    yaw: -5.998722
    pitch: 33.449757
  zem:
    world: world
    x: -154.49887412382944
    y: 64.0
    z: 180.83560070919307
    yaw: -45.898994
    pitch: 9.449976
  stavba:
    world: world
    x: -27.08528611035633
    y: 69.0
    z: 106.77825876354669
    yaw: 289.9505
    pitch: 16.350124
