lastAccountName: TrautenberkCZ
timestamps:
  login: 1615664368830
  logout: 1615675229350
  lastteleport: 1615675225016
ipAddress: 134.130.116.143
logoutlocation:
  world: world
  x: -141.04418020871296
  y: 229.0
  z: 197.05049720248903
  yaw: -101.99747
  pitch: 32.250015
lastlocation:
  world: world_nether
  x: -6.157410439434341
  y: 75.0
  z: 4.565205884300971
  yaw: 182.98834
  pitch: 47.550438
homes:
  x:
    world: world_nether
    x: -6.822421907596433
    y: 80.0
    z: 13.641667246442427
    yaw: -181.81287
    pitch: 18.750595
  c:
    world: world
    x: -137.1231790551161
    y: 39.0
    z: 181.0537882607294
    yaw: 63.152676
    pitch: 26.699955
  v:
    world: world
    x: -142.17463510034608
    y: 229.0
    z: 196.19063462630925
    yaw: -49.047436
    pitch: 17.40003
afk: false
