lastAccountName: TrautenberkCZ
timestamps:
  login: 1615119429637
  logout: 1615119408449
  lastteleport: 1615124295299
ipAddress: 134.130.116.143
logoutlocation:
  world: world
  x: -140.908489258521
  y: 230.0
  z: 195.22243847744198
  yaw: -164.39793
  pitch: 13.049742
lastlocation:
  world: world
  x: -140.10274439731216
  y: 229.0
  z: 196.87975196888718
  yaw: -62.248173
  pitch: -34.350304
homes:
  vez:
    world: world
    x: -140.89060494991332
    y: 230.0
    z: 194.4504273848324
    yaw: -7.948144
    pitch: 17.399717
  x:
    world: world_the_end
    x: 981.3000000119209
    y: 113.5
    z: 1016.5946917152534
    yaw: -137.85245
    pitch: 13.050034
  c:
    world: world
    x: -137.45998621031023
    y: 67.0
    z: 192.51230219400577
    yaw: -77.99856
    pitch: 60.89988
