lastAccountName: TrautenberkCZ
timestamps:
  login: 1615317349393
  logout: 1615326515503
  lastteleport: 1615326123577
ipAddress: 134.130.116.143
logoutlocation:
  world: world
  x: -137.45830534311082
  y: 39.0
  z: 179.7054091042818
  yaw: 18.153482
  pitch: 22.500046
lastlocation:
  world: world
  x: -139.12465294004193
  y: 230.5
  z: 193.99311101286992
  yaw: -112.94746
  pitch: 9.150079
homes:
  x:
    world: world_the_end
    x: 1003.9395564981695
    y: 69.0
    z: 1015.1416266262814
    yaw: -124.0918
    pitch: 50.850033
  c:
    world: world
    x: -135.8856962286652
    y: 41.0
    z: 185.69999998807907
    yaw: -219.14673
    pitch: 39.149994
  v:
    world: world
    x: -142.17463510034608
    y: 229.0
    z: 196.19063462630925
    yaw: -49.047436
    pitch: 17.40003
afk: false
