lastAccountName: TrautenberkCZ
timestamps:
  login: 1615101663937
  logout: 1615078941703
  lastteleport: 1615116397022
ipAddress: 134.130.116.143
logoutlocation:
  world: world
  x: -134.92500001192093
  y: 231.0
  z: 191.56033887443078
  yaw: -153.6012
  pitch: 31.499796
lastlocation:
  world: world
  x: -140.5561810268452
  y: 229.0
  z: 196.93260373973055
  yaw: -202.95007
  pitch: 21.750025
homes:
  vez:
    world: world
    x: -140.89060494991332
    y: 230.0
    z: 194.4504273848324
    yaw: -7.948144
    pitch: 17.399717
  x:
    world: world_the_end
    x: 981.3000000119209
    y: 113.5
    z: 1016.5946917152534
    yaw: -137.85245
    pitch: 13.050034
  c:
    world: world
    x: -124.66436644665364
    y: 69.0
    z: 99.00668156459751
    yaw: 29.402098
    pitch: 1.0499586
