lastAccountName: TrautenberkCZ
timestamps:
  login: 1615101663937
  logout: 1615078941703
  lastteleport: 1615106971284
ipAddress: 134.130.116.143
logoutlocation:
  world: world
  x: -134.92500001192093
  y: 231.0
  z: 191.56033887443078
  yaw: -153.6012
  pitch: 31.499796
lastlocation:
  world: world_the_end
  x: 100.30000001192093
  y: 42.0
  z: 2.8841972910828497
  yaw: -213.30676
  pitch: 0.8999942
homes:
  vez:
    world: world
    x: -140.89060494991332
    y: 230.0
    z: 194.4504273848324
    yaw: -7.948144
    pitch: 17.399717
  stavba:
    world: world_the_end
    x: 1035.0131921280142
    y: 58.0
    z: 26.46194103310608
    yaw: 357.7475
    pitch: 37.94982
  ves:
    world: world
    x: -17.066951095327614
    y: 67.0
    z: 103.06729384618424
    yaw: -62.998966
    pitch: 8.4
