lastAccountName: TrautenberkCZ
timestamps:
  login: 1615054694554
  logout: 1615054142054
  lastteleport: 1615073805158
ipAddress: 134.130.116.143
logoutlocation:
  world: world
  x: -17.850316954713637
  y: 64.0
  z: 18.225404925397136
  yaw: -270.34845
  pitch: 54.064487
lastlocation:
  world: world
  x: -143.67677060685315
  y: 229.0
  z: 194.23555396370554
  yaw: -141.74815
  pitch: 28.199772
homes:
  vez:
    world: world
    x: -140.95355304384805
    y: 230.0
    z: 195.12858866530564
    yaw: -5.998722
    pitch: 33.449757
  zem:
    world: world
    x: -154.49887412382944
    y: 64.0
    z: 180.83560070919307
    yaw: -45.898994
    pitch: 9.449976
  stavba:
    world: world
    x: -143.34489383694745
    y: 94.0
    z: 198.34236683495993
    yaw: 84.00952
    pitch: 9.749967
