lastAccountName: TrautenberkCZ
timestamps:
  login: 1615278833877
  logout: 1615280157200
  lastteleport: 1615280153251
ipAddress: 134.130.116.143
logoutlocation:
  world: world
  x: -141.95123926699443
  y: 229.0
  z: 197.19953783446167
  yaw: -143.99747
  pitch: 46.650055
lastlocation:
  world: world
  x: -146.3247800893738
  y: 63.0
  z: 183.53678015914505
  yaw: -228.59715
  pitch: 17.249949
homes:
  x:
    world: world_the_end
    x: 981.3000000119209
    y: 113.5
    z: 1016.5946917152534
    yaw: -137.85245
    pitch: 13.050034
  c:
    world: world_the_end
    x: 52.88096327092791
    y: 1.0
    z: -295.35228810804966
    yaw: -223.19809
    pitch: 6.7498627
  v:
    world: world
    x: -142.17463510034608
    y: 229.0
    z: 196.19063462630925
    yaw: -49.047436
    pitch: 17.40003
afk: false
