lastAccountName: TrautenberkCZ
timestamps:
  login: 1615051887298
  logout: 1615051968994
  lastteleport: 1603662454478
ipAddress: 134.130.116.143
logoutlocation:
  world: world
  x: -34.35007626311962
  y: 70.0
  z: 98.63192559793553
  yaw: 85.00125
  pitch: -26.6355
lastlocation:
  world: world_nether
  x: -260.91722764098967
  y: 100.0
  z: 5.6034006502496485
  yaw: -330.16113
  pitch: 10.649948
homes:
  home:
    world: world
    x: -26.889474797948345
    y: 69.0
    z: 104.52161550046497
    yaw: 291.55212
    pitch: 17.99976
