lastAccountName: TrautenberkCZ
timestamps:
  login: 1615101663937
  logout: 1615078941703
  lastteleport: 1615112025903
ipAddress: 134.130.116.143
logoutlocation:
  world: world
  x: -134.92500001192093
  y: 231.0
  z: 191.56033887443078
  yaw: -153.6012
  pitch: 31.499796
lastlocation:
  world: world
  x: -140.0835242913671
  y: 229.0
  z: 196.96921876986318
  yaw: -115.498085
  pitch: 23.999714
homes:
  vez:
    world: world
    x: -140.89060494991332
    y: 230.0
    z: 194.4504273848324
    yaw: -7.948144
    pitch: 17.399717
  x:
    world: world_the_end
    x: 981.3000000119209
    y: 113.5
    z: 1016.5946917152534
    yaw: -137.85245
    pitch: 13.050034
  c:
    world: world
    x: -140.69999998807907
    y: 67.0
    z: 191.99899799695694
    yaw: -182.76007
    pitch: 36.750042
