lastAccountName: TrautenberkCZ
timestamps:
  login: 1615317349393
  logout: 1615304247150
  lastteleport: 1615321176169
ipAddress: 134.130.116.143
logoutlocation:
  world: world
  x: -142.07111762443589
  y: 229.0
  z: 196.68811421180317
  yaw: -171.29709
  pitch: 48.14975
lastlocation:
  world: world
  x: -138.32891207520197
  y: 41.0
  z: 182.7954004913388
  yaw: -56.550507
  pitch: 36.449936
homes:
  x:
    world: world_the_end
    x: 981.3000000119209
    y: 113.5
    z: 1016.5946917152534
    yaw: -137.85245
    pitch: 13.050034
  c:
    world: world
    x: -134.49031258162745
    y: 41.0
    z: 181.61533125522544
    yaw: -268.50092
    pitch: 34.04998
  v:
    world: world
    x: -142.17463510034608
    y: 229.0
    z: 196.19063462630925
    yaw: -49.047436
    pitch: 17.40003
afk: false
