lastAccountName: TrautenberkCZ
timestamps:
  login: 1615914047023
  logout: 1615917345152
  lastteleport: 1615917338599
ipAddress: 134.130.116.143
logoutlocation:
  world: world_nether
  x: -14.5
  y: 68.0
  z: 13.5
  yaw: -76.66168
  pitch: 12.300261
lastlocation:
  world: world
  x: -140.62029882301988
  y: 229.0
  z: 196.5946139613818
  yaw: -90.597565
  pitch: 16.950014
homes:
  x:
    world: world_nether
    x: -14.76919835175272
    y: 68.0
    z: 13.927145752230107
    yaw: -76.66168
    pitch: 12.300261
  c:
    world: world
    x: -29.95865585848532
    y: 69.0
    z: 105.3274228332948
    yaw: -72.762665
    pitch: 25.350561
  v:
    world: world
    x: -142.17463510034608
    y: 229.0
    z: 196.19063462630925
    yaw: -49.047436
    pitch: 17.40003
afk: false
