lastAccountName: TrautenberkCZ
timestamps:
  login: 1615835028153
  logout: 1615675229350
  lastteleport: 1615842784936
ipAddress: 134.130.116.143
logoutlocation:
  world: world
  x: -141.04418020871296
  y: 229.0
  z: 197.05049720248903
  yaw: -101.99747
  pitch: 32.250015
lastlocation:
  world: world
  x: -140.9090520909027
  y: 229.0
  z: 197.14772704046877
  yaw: -80.247406
  pitch: -17.849964
homes:
  x:
    world: world_nether
    x: -6.822421907596433
    y: 80.0
    z: 13.641667246442427
    yaw: -181.81287
    pitch: 18.750595
  c:
    world: world
    x: -29.95865585848532
    y: 69.0
    z: 105.3274228332948
    yaw: -72.762665
    pitch: 25.350561
  v:
    world: world
    x: -142.17463510034608
    y: 229.0
    z: 196.19063462630925
    yaw: -49.047436
    pitch: 17.40003
afk: false
