lastAccountName: TrautenberkCZ
timestamps:
  login: 1615054694554
  logout: 1615054142054
  lastteleport: 1615059898588
ipAddress: 134.130.116.143
logoutlocation:
  world: world
  x: -17.850316954713637
  y: 64.0
  z: 18.225404925397136
  yaw: -270.34845
  pitch: 54.064487
lastlocation:
  world: world
  x: -330.4807289200179
  y: 10.0
  z: -28.01374414003387
  yaw: -250.09851
  pitch: 14.40002
homes:
  home:
    world: world
    x: -75.01525426759649
    y: 77.0
    z: -14.271302082326047
    yaw: -354.6084
    pitch: 13.500072
