timestamps:
  login: 1616353436267
  logout: 1616360116168
  lastteleport: 1616360114602
logoutlocation:
  world: world
  x: -141.5
  y: 229.0
  z: 195.5
  yaw: -49.047436
  pitch: 17.40003
lastlocation:
  world: world
  x: -83.61119947196522
  y: 69.0
  z: 29.448098000578966
  yaw: -211.08354
  pitch: 9.599934
homes:
  x:
    world: world_the_end
    x: 47.40051214547588
    y: 1.0
    z: -295.26785543999415
    yaw: 346.5005
    pitch: 7.049933
  c:
    world: world
    x: -191.74743296528314
    y: 88.0
    z: 37.89845513171563
    yaw: -84.44699
    pitch: 44.699757
  v:
    world: world
    x: -142.17463510034608
    y: 229.0
    z: 196.19063462630925
    yaw: -49.047436
    pitch: 17.40003
afk: false
ip-address: 134.130.116.143
last-account-name: TrautenberkCZ
