lastAccountName: TrautenberkCZ
timestamps:
  login: 1616180470768
  logout: 1616014728957
  lastteleport: 1616185010508
ipAddress: 134.130.116.143
logoutlocation:
  world: world
  x: -140.43459683931047
  y: 229.0
  z: 196.33082474596694
  yaw: -90.29741
  pitch: 37.200035
lastlocation:
  world: world
  x: -147.29384145030718
  y: 63.0
  z: 184.94985793637656
  yaw: -11.555359
  pitch: 9.600094
homes:
  x:
    world: world_nether
    x: -19.56460884065738
    y: 65.0
    z: -12.56403029446762
    yaw: 183.58008
    pitch: 30.150398
  c:
    world: world
    x: -29.95865585848532
    y: 69.0
    z: 105.3274228332948
    yaw: -72.762665
    pitch: 25.350561
  v:
    world: world
    x: -142.17463510034608
    y: 229.0
    z: 196.19063462630925
    yaw: -49.047436
    pitch: 17.40003
afk: false
