lastAccountName: tomas32012
timestamps:
  login: 1615287560587
  logout: 1615288156800
ipAddress: 94.230.145.88
logoutlocation:
  world: world
  x: 168.52363058656456
  y: 96.0
  z: 65.9119755688675
  yaw: -176.1161
  pitch: 21.299805
