lastAccountName: tomas32012
timestamps:
  login: 1615211361975
  logout: 1615214298160
ipAddress: 94.230.145.88
logoutlocation:
  world: world
  x: 131.3283360713687
  y: 92.0
  z: 79.40418820366445
  yaw: -269.51968
  pitch: 36.749958
