lastAccountName: tomas32012
timestamps:
  login: 1615283981351
  logout: 1615284035612
ipAddress: 94.230.145.88
logoutlocation:
  world: world
  x: 160.78601850397467
  y: 95.0
  z: 66.92865146452715
  yaw: -92.36969
  pitch: 32.24995
