lastAccountName: Kamen
timestamps:
  login: 1606674992934
  logout: 1606675689691
  lastteleport: 1606675509811
ipAddress: 88.101.39.37
homes:
  home:
    world: world
    x: 77.854387240789
    y: 64.0
    z: -16.004871597296727
    yaw: -167.01367
    pitch: 14.850932
  vesnice:
    world: world_the_end
    x: -388.7422951183857
    y: 57.0
    z: -1576.7894446911687
    yaw: 275.62173
    pitch: 57.451004
  mine:
    world: world
    x: 742.4889531214017
    y: 35.0
    z: -1715.624383297745
    yaw: -159.79004
    pitch: 0.29975763
logoutlocation:
  world: world
  x: -111.9904161496281
  y: 71.0
  z: 51.202647821408256
  yaw: -189.48407
  pitch: -26.549635
lastlocation:
  world: world
  x: -388.53545490349944
  y: 73.0
  z: -2.987494757184316
  yaw: -34.266113
  pitch: 16.64956
afk: false
