lastAccountName: Kamen
timestamps:
  login: 1627854315555
  logout: 1627854593084
  lastteleport: 1627854395191
ipAddress: 88.101.39.37
homes:
  home:
    world: world_1.17
    x: 730.5
    y: 84.0
    z: 948.5
    yaw: 89.99999
    pitch: 0.0
  vesnice:
    world: world_1.17_nether
    x: 305.25371822145127
    y: 55.0
    z: -109.40415391793836
    yaw: -116.15991
    pitch: 0.300192
  mine:
    world: world_1.17
    x: 649.5770757301306
    y: 173.0
    z: 870.5712401196427
    yaw: -50.544373
    pitch: 71.40007
logoutlocation:
  world: world_1.17
  x: 831.2308212268117
  y: 69.0
  z: 920.2712470967587
  yaw: -75.90388
  pitch: -3.29919
lastlocation:
  world: world_1.17
  x: 819.0514930912185
  y: 67.9375
  z: 913.3283622136249
  yaw: -11.246826
  pitch: -2.099191
afk: false
