lastAccountName: Kamen
timestamps:
  login: 1608400392612
  logout: 1608404067072
  lastteleport: 1608403565276
ipAddress: 88.101.39.37
homes:
  home:
    world: world
    x: 77.854387240789
    y: 64.0
    z: -16.004871597296727
    yaw: -167.01367
    pitch: 14.850932
  vesnice:
    world: world
    x: -317.24381599837994
    y: 64.0
    z: -596.3031254749974
    yaw: -239.45312
    pitch: 17.100086
  mine:
    world: world
    x: 2721.6342794737743
    y: 64.0
    z: -2942.2314725389815
    yaw: -174.26027
    pitch: 18.299192
logoutlocation:
  world: world
  x: 2722.2733838173504
  y: 64.0
  z: -2948.659910591377
  yaw: -182.05762
  pitch: 40.94879
lastlocation:
  world: world
  x: 79.83766319684268
  y: 64.0
  z: -15.122665314421695
  yaw: -88.56385
  pitch: 5.1009426
afk: false
