lastAccountName: Kamen
timestamps:
  login: 1607371265468
  logout: 1607377632918
  lastteleport: 1607377111843
ipAddress: 88.101.39.37
homes:
  home:
    world: world
    x: 77.854387240789
    y: 64.0
    z: -16.004871597296727
    yaw: -167.01367
    pitch: 14.850932
  vesnice:
    world: world
    x: -317.24381599837994
    y: 64.0
    z: -596.3031254749974
    yaw: -239.45312
    pitch: 17.100086
  mine:
    world: world
    x: 742.4889531214017
    y: 35.0
    z: -1715.624383297745
    yaw: -159.79004
    pitch: 0.29975763
logoutlocation:
  world: world
  x: 86.06896963436421
  y: 64.0
  z: -8.578235343835715
  yaw: 78.08272
  pitch: 20.25099
lastlocation:
  world: world
  x: -400.30000001192093
  y: 11.0
  z: -579.8901602260958
  yaw: -301.86572
  pitch: 20.401083
afk: false
