lastAccountName: Kamen
timestamps:
  login: 1608674047484
  logout: 1608674010799
  lastteleport: 1608676610731
ipAddress: 88.101.39.37
homes:
  home:
    world: world
    x: 77.854387240789
    y: 64.0
    z: -16.004871597296727
    yaw: -167.01367
    pitch: 14.850932
  vesnice:
    world: world
    x: -317.24381599837994
    y: 64.0
    z: -596.3031254749974
    yaw: -239.45312
    pitch: 17.100086
  mine:
    world: world
    x: 2721.6342794737743
    y: 64.0
    z: -2942.2314725389815
    yaw: -174.26027
    pitch: 18.299192
logoutlocation:
  world: world
  x: 2713.480035363719
  y: 63.5
  z: -2947.304787268429
  yaw: -88.457
  pitch: 33.14977
lastlocation:
  world: world
  x: 85.4045063955064
  y: 64.0
  z: -6.7591640504938635
  yaw: -31.113647
  pitch: -16.499044
afk: false
