lastAccountName: Kamen
timestamps:
  login: 1628062400138
  logout: 1628062477926
  lastteleport: 1628024072897
ipAddress: 88.101.39.37
homes:
  home:
    world: world_1.17
    x: 730.5
    y: 84.0
    z: 948.5
    yaw: 89.99999
    pitch: 0.0
  vesnice:
    world: world_1.17_nether
    x: 305.25371822145127
    y: 55.0
    z: -109.40415391793836
    yaw: -116.15991
    pitch: 0.300192
  mine:
    world: world_1.17
    x: 741.6999999880791
    y: 5.0
    z: 899.4149322911636
    yaw: -86.0974
    pitch: 5.0997972
logoutlocation:
  world: world_1.17
  x: 770.8041295114498
  y: 68.5
  z: 929.95521587665
  yaw: 84.45056
  pitch: 12.899542
lastlocation:
  world: world_1.17
  x: 746.5274237526751
  y: 64.0
  z: 947.1486577534578
  yaw: 95.8139
  pitch: 10.350373
afk: false
