lastAccountName: Kamen
timestamps:
  login: 1606684732551
  logout: 1606675689691
  lastteleport: 1606687072001
ipAddress: 88.101.39.37
homes:
  home:
    world: world
    x: 77.854387240789
    y: 64.0
    z: -16.004871597296727
    yaw: -167.01367
    pitch: 14.850932
  vesnice:
    world: world
    x: 304.5235547215247
    y: 64.0
    z: 293.4299550780437
    yaw: -170.75995
    pitch: 12.901226
  mine:
    world: world
    x: 742.4889531214017
    y: 35.0
    z: -1715.624383297745
    yaw: -159.79004
    pitch: 0.29975763
logoutlocation:
  world: world
  x: -111.9904161496281
  y: 71.0
  z: 51.202647821408256
  yaw: -189.48407
  pitch: -26.549635
lastlocation:
  world: world
  x: 83.49711665531049
  y: 64.0
  z: -7.177017460303101
  yaw: 131.18645
  pitch: 1.8009495
afk: false
