lastAccountName: Kamen
timestamps:
  login: 1627239700010
  logout: 1627239025621
  lastteleport: 1627240271241
ipAddress: 88.101.39.37
homes:
  home:
    world: world_1.17
    x: 730.5
    y: 84.0
    z: 948.5
    yaw: 89.99999
    pitch: 0.0
  vesnice:
    world: world
    x: -317.24381599837994
    y: 64.0
    z: -596.3031254749974
    yaw: -239.45312
    pitch: 17.100086
  mine:
    world: world_1.17
    x: 649.2803058830567
    y: 67.0
    z: 1087.5061746438685
    yaw: 17.692749
    pitch: 4.9502764
logoutlocation:
  world: world_1.17
  x: 785.6662839301337
  y: 70.0
  z: 930.325018372447
  yaw: 8.18103
  pitch: -30.600119
lastlocation:
  world: world_1.17
  x: 822.8307938263814
  y: 66.0
  z: 919.364675343957
  yaw: -68.699066
  pitch: 31.800613
afk: false
