lastAccountName: Kamen
timestamps:
  login: 1627927268089
  logout: 1627935449284
  lastteleport: 1627934989188
ipAddress: 88.101.39.37
homes:
  home:
    world: world_1.17
    x: 730.5
    y: 84.0
    z: 948.5
    yaw: 89.99999
    pitch: 0.0
  vesnice:
    world: world_1.17_nether
    x: 305.25371822145127
    y: 55.0
    z: -109.40415391793836
    yaw: -116.15991
    pitch: 0.300192
  mine:
    world: world_1.17
    x: 741.6999999880791
    y: 5.0
    z: 899.4149322911636
    yaw: -86.0974
    pitch: 5.0997972
logoutlocation:
  world: world_1.17
  x: 829.0736926771734
  y: 65.0
  z: 888.4480772494278
  yaw: 164.698
  pitch: 53.70046
lastlocation:
  world: world_1.17
  x: 825.4116922849349
  y: 73.0
  z: 919.7931485066274
  yaw: 28.506592
  pitch: 16.650393
afk: false
