lastAccountName: Kamen
timestamps:
  login: 1628440228258
  logout: 1628444112679
  lastteleport: 1628444016082
ipAddress: 88.101.39.37
homes:
  home:
    world: world_1.17
    x: 730.5
    y: 84.0
    z: 948.5
    yaw: 89.99999
    pitch: 0.0
  vesnice:
    world: world_1.17_nether
    x: 305.25371822145127
    y: 55.0
    z: -109.40415391793836
    yaw: -116.15991
    pitch: 0.300192
  mine:
    world: world_1.17
    x: 741.6999999880791
    y: 5.0
    z: 899.4149322911636
    yaw: -86.0974
    pitch: 5.0997972
logoutlocation:
  world: world_1.17
  x: 838.807381532405
  y: 68.0
  z: 919.460004695904
  yaw: -114.4577
  pitch: -29.399876
lastlocation:
  world: world_1.17
  x: 748.7499102812011
  y: 6.0
  z: 903.4138070502863
  yaw: 179.45898
  pitch: 12.300039
afk: false
