lastAccountName: Kamen
timestamps:
  login: 1609003590236
  logout: 1609017280745
  lastteleport: 1608997402270
ipAddress: 176.12.115.205
homes:
  home:
    world: world
    x: 77.854387240789
    y: 64.0
    z: -16.004871597296727
    yaw: -167.01367
    pitch: 14.850932
  vesnice:
    world: world
    x: -317.24381599837994
    y: 64.0
    z: -596.3031254749974
    yaw: -239.45312
    pitch: 17.100086
  mine:
    world: world
    x: 2721.6342794737743
    y: 64.0
    z: -2942.2314725389815
    yaw: -174.26027
    pitch: 18.299192
logoutlocation:
  world: world
  x: 59.84933370360477
  y: 64.0
  z: 3.5480991031158804
  yaw: -119.98584
  pitch: -14.10007
lastlocation:
  world: world
  x: 2743.2803533799224
  y: 73.0
  z: -2932.363735962494
  yaw: 311.1057
  pitch: 5.3992276
afk: false
