lastAccountName: Kamen
timestamps:
  login: 1609277065781
  logout: 1609277374690
  lastteleport: 1609269251854
ipAddress: 88.101.39.37
homes:
  home:
    world: world
    x: 77.854387240789
    y: 64.0
    z: -16.004871597296727
    yaw: -167.01367
    pitch: 14.850932
  vesnice:
    world: world
    x: -317.24381599837994
    y: 64.0
    z: -596.3031254749974
    yaw: -239.45312
    pitch: 17.100086
  mine:
    world: world
    x: 2721.6342794737743
    y: 64.0
    z: -2942.2314725389815
    yaw: -174.26027
    pitch: 18.299192
logoutlocation:
  world: world
  x: 85.8905453725386
  y: 64.0
  z: -12.443478199946234
  yaw: -265.64804
  pitch: 10.050122
lastlocation:
  world: world
  x: 78.31241960830361
  y: 79.0
  z: -4.744355921079115
  yaw: -271.33704
  pitch: 65.55059
afk: false
