lastAccountName: Kamen
timestamps:
  login: 1606684732551
  logout: 1606688408644
  lastteleport: 1606688280546
ipAddress: 88.101.39.37
homes:
  home:
    world: world
    x: 77.854387240789
    y: 64.0
    z: -16.004871597296727
    yaw: -167.01367
    pitch: 14.850932
  vesnice:
    world: world
    x: 304.5235547215247
    y: 64.0
    z: 293.4299550780437
    yaw: -170.75995
    pitch: 12.901226
  mine:
    world: world
    x: 742.4889531214017
    y: 35.0
    z: -1715.624383297745
    yaw: -159.79004
    pitch: 0.29975763
logoutlocation:
  world: world
  x: 74.34229623867894
  y: 68.5625
  z: -19.461550043729183
  yaw: -91.098145
  pitch: 89.85
lastlocation:
  world: world
  x: 283.02664874381617
  y: 59.187947043272494
  z: 303.3834874131803
  yaw: -250.99976
  pitch: 7.199498
afk: false
