lastAccountName: Kamen
timestamps:
  login: 1628192316503
  logout: 1628196042703
  lastteleport: 1628194897828
ipAddress: 88.101.39.37
homes:
  home:
    world: world_1.17
    x: 730.5
    y: 84.0
    z: 948.5
    yaw: 89.99999
    pitch: 0.0
  vesnice:
    world: world_1.17_nether
    x: 305.25371822145127
    y: 55.0
    z: -109.40415391793836
    yaw: -116.15991
    pitch: 0.300192
  mine:
    world: world_1.17
    x: 741.6999999880791
    y: 5.0
    z: 899.4149322911636
    yaw: -86.0974
    pitch: 5.0997972
logoutlocation:
  world: world_1.17
  x: 743.1849528165541
  y: 5.0
  z: 889.0528399258527
  yaw: 32.172607
  pitch: 14.550386
lastlocation:
  world: world_1.17
  x: 739.1461602653421
  y: 64.0
  z: 944.5274261249328
  yaw: -128.10051
  pitch: 13.950163
afk: false
