lastAccountName: Kamen
timestamps:
  login: 1627927268089
  logout: 1627926709481
  lastteleport: 1627928748765
ipAddress: 88.101.39.37
homes:
  home:
    world: world_1.17
    x: 730.5
    y: 84.0
    z: 948.5
    yaw: 89.99999
    pitch: 0.0
  vesnice:
    world: world_1.17_nether
    x: 305.25371822145127
    y: 55.0
    z: -109.40415391793836
    yaw: -116.15991
    pitch: 0.300192
  mine:
    world: world_1.17
    x: 649.5770757301306
    y: 173.0
    z: 870.5712401196427
    yaw: -50.544373
    pitch: 71.40007
logoutlocation:
  world: world_1.17
  x: 742.3852662485845
  y: 64.0
  z: 903.3771179364326
  yaw: -167.99524
  pitch: 30.299809
lastlocation:
  world: world_1.17
  x: 759.5780456094823
  y: 66.0
  z: 932.3206970328591
  yaw: -11.098523
  pitch: 38.399883
afk: false
