lastAccountName: Kamen
timestamps:
  login: 1610916634592
  logout: 1610920275114
  lastteleport: 1610920063142
ipAddress: 88.101.39.37
homes:
  home:
    world: world
    x: 77.854387240789
    y: 64.0
    z: -16.004871597296727
    yaw: -167.01367
    pitch: 14.850932
  vesnice:
    world: world
    x: -317.24381599837994
    y: 64.0
    z: -596.3031254749974
    yaw: -239.45312
    pitch: 17.100086
  mine:
    world: world
    x: 2721.6342794737743
    y: 64.0
    z: -2942.2314725389815
    yaw: -174.26027
    pitch: 18.299192
logoutlocation:
  world: world
  x: -122.38267554101544
  y: 72.9375
  z: -15.300000011920927
  yaw: -282.21188
  pitch: 18.300077
lastlocation:
  world: world
  x: 30.231604940388696
  y: 64.0
  z: 45.81327169465071
  yaw: 272.96338
  pitch: 3.600626
afk: false
