lastAccountName: Kamen
timestamps:
  login: 1627152699566
  logout: 1627123349264
  lastteleport: 1627153850313
ipAddress: 88.101.39.37
homes:
  home:
    world: world_1.17
    x: 730.5
    y: 84.0
    z: 948.5
    yaw: 89.99999
    pitch: 0.0
  vesnice:
    world: world
    x: -317.24381599837994
    y: 64.0
    z: -596.3031254749974
    yaw: -239.45312
    pitch: 17.100086
  mine:
    world: world_1.17
    x: 649.2803058830567
    y: 67.0
    z: 1087.5061746438685
    yaw: 17.692749
    pitch: 4.9502764
logoutlocation:
  world: world_1.17
  x: 825.2934552784103
  y: 70.0
  z: 922.4718561516881
  yaw: -155.30402
  pitch: 76.350426
lastlocation:
  world: world_1.17
  x: 817.5832916667483
  y: 68.0
  z: 917.5616304399078
  yaw: 165.89946
  pitch: 16.50003
afk: false
