lastAccountName: Kamen
timestamps:
  login: 1628098317139
  logout: 1628102576791
  lastteleport: 1628101970788
ipAddress: 88.101.39.37
homes:
  home:
    world: world_1.17
    x: 730.5
    y: 84.0
    z: 948.5
    yaw: 89.99999
    pitch: 0.0
  vesnice:
    world: world_1.17_nether
    x: 305.25371822145127
    y: 55.0
    z: -109.40415391793836
    yaw: -116.15991
    pitch: 0.300192
  mine:
    world: world_1.17
    x: 741.6999999880791
    y: 5.0
    z: 899.4149322911636
    yaw: -86.0974
    pitch: 5.0997972
logoutlocation:
  world: world_1.17
  x: 724.411982545476
  y: 5.0
  z: 887.3000000119209
  yaw: 89.88086
  pitch: 1.3499681
lastlocation:
  world: world_1.17
  x: 701.8514373420871
  y: 64.0
  z: 1167.4574699009515
  yaw: 44.41223
  pitch: 16.350466
afk: false
