lastAccountName: Kamen
timestamps:
  login: 1626981040842
  logout: 1626985296367
  lastteleport: 1626983894493
ipAddress: 88.101.39.37
homes:
  home:
    world: world_1.17
    x: 730.5
    y: 84.0
    z: 948.5
    yaw: 89.99999
    pitch: 0.0
  vesnice:
    world: world
    x: -317.24381599837994
    y: 64.0
    z: -596.3031254749974
    yaw: -239.45312
    pitch: 17.100086
  mine:
    world: world_1.17
    x: 649.2803058830567
    y: 67.0
    z: 1087.5061746438685
    yaw: 17.692749
    pitch: 4.9502764
logoutlocation:
  world: world_1.17
  x: 814.4657122271499
  y: 66.0
  z: 917.7215624238638
  yaw: -120.50891
  pitch: 35.250076
lastlocation:
  world: world_1.17
  x: 830.8003145651711
  y: 69.0
  z: 916.9288160774404
  yaw: 0.10498047
  pitch: 16.950785
afk: false
