lastAccountName: Kamen
timestamps:
  login: 1627499289570
  logout: 1627509273173
  lastteleport: 1627507279434
ipAddress: 88.101.39.37
homes:
  home:
    world: world_1.17
    x: 730.5
    y: 84.0
    z: 948.5
    yaw: 89.99999
    pitch: 0.0
  vesnice:
    world: world_1.17_nether
    x: 305.25371822145127
    y: 55.0
    z: -109.40415391793836
    yaw: -116.15991
    pitch: 0.300192
  mine:
    world: world_1.17
    x: 649.5770757301306
    y: 173.0
    z: 870.5712401196427
    yaw: -50.544373
    pitch: 71.40007
logoutlocation:
  world: world_1.17
  x: 732.4573719694488
  y: 84.0
  z: 945.4730124318386
  yaw: -60.30029
  pitch: 32.550053
lastlocation:
  world: world_1.17
  x: 798.6908332766219
  y: 62.0
  z: 876.3759931464958
  yaw: 177.1557
  pitch: 1.3499596
afk: false
