lastAccountName: Kamen
timestamps:
  login: 1609346629531
  logout: 1609346926651
  lastteleport: 1609269251854
ipAddress: 88.101.39.37
homes:
  home:
    world: world
    x: 77.854387240789
    y: 64.0
    z: -16.004871597296727
    yaw: -167.01367
    pitch: 14.850932
  vesnice:
    world: world
    x: -317.24381599837994
    y: 64.0
    z: -596.3031254749974
    yaw: -239.45312
    pitch: 17.100086
  mine:
    world: world
    x: 2721.6342794737743
    y: 64.0
    z: -2942.2314725389815
    yaw: -174.26027
    pitch: 18.299192
logoutlocation:
  world: world
  x: 83.24037605590772
  y: 64.0
  z: -8.165091815448072
  yaw: -302.50916
  pitch: 17.850365
lastlocation:
  world: world
  x: 78.31241960830361
  y: 79.0
  z: -4.744355921079115
  yaw: -271.33704
  pitch: 65.55059
afk: false
