lastAccountName: Kamen
timestamps:
  login: 1627499289570
  logout: 1627241774448
  lastteleport: 1627502842479
ipAddress: 88.101.39.37
homes:
  home:
    world: world_1.17
    x: 730.5
    y: 84.0
    z: 948.5
    yaw: 89.99999
    pitch: 0.0
  vesnice:
    world: world_1.17_nether
    x: 305.25371822145127
    y: 55.0
    z: -109.40415391793836
    yaw: -116.15991
    pitch: 0.300192
  mine:
    world: world_1.17
    x: 649.5770757301306
    y: 173.0
    z: 870.5712401196427
    yaw: -50.544373
    pitch: 71.40007
logoutlocation:
  world: world_1.17
  x: 732.0685710619293
  y: 61.0
  z: 943.461921120314
  yaw: 95.05176
  pitch: -40.350548
lastlocation:
  world: world_1.17
  x: 749.6999999880791
  y: 64.0
  z: 944.0489954129652
  yaw: -94.953674
  pitch: 9.750167
afk: false
