lastAccountName: Kamen
timestamps:
  login: 1628623585269
  logout: 1628625867032
  lastteleport: 1628624261790
ipAddress: 88.101.39.37
homes:
  home:
    world: world_1.17
    x: 798.7005250321754
    y: 69.0625
    z: 937.3169205801327
    yaw: -0.15090942
    pitch: -0.30000496
  vesnice:
    world: world_1.17_nether
    x: 305.25371822145127
    y: 55.0
    z: -109.40415391793836
    yaw: -116.15991
    pitch: 0.300192
  mine:
    world: world_1.17
    x: 741.6999999880791
    y: 5.0
    z: 899.4149322911636
    yaw: -86.0974
    pitch: 5.0997972
logoutlocation:
  world: world_1.17
  x: 749.4361123652744
  y: 6.0
  z: 890.1206093818736
  yaw: 118.08447
  pitch: -7.34992
lastlocation:
  world: world_1.17
  x: 807.2844225179133
  y: 69.0625
  z: 939.0996741287707
  yaw: 102.74469
  pitch: 1.0499941
afk: false
