lastAccountName: Kamen
timestamps:
  login: 1627220132656
  logout: 1627224212669
  lastteleport: 1627224210417
ipAddress: 88.101.39.37
homes:
  home:
    world: world_1.17
    x: 730.5
    y: 84.0
    z: 948.5
    yaw: 89.99999
    pitch: 0.0
  vesnice:
    world: world
    x: -317.24381599837994
    y: 64.0
    z: -596.3031254749974
    yaw: -239.45312
    pitch: 17.100086
  mine:
    world: world_1.17
    x: 649.2803058830567
    y: 67.0
    z: 1087.5061746438685
    yaw: 17.692749
    pitch: 4.9502764
logoutlocation:
  world: world_1.17
  x: 730.5
  y: 84.0
  z: 947.5
  yaw: 91.200005
  pitch: 0.0
lastlocation:
  world: world_1.17
  x: 818.6819673888729
  y: 67.9375
  z: 917.956046587812
  yaw: -159.61891
  pitch: 14.400131
afk: false
