lastAccountName: Kamen
timestamps:
  login: 1626893761313
  logout: 1626895314833
  lastteleport: 1626895210700
ipAddress: 88.101.39.37
homes:
  home:
    world: world_1.17
    x: 730.5
    y: 84.0
    z: 948.5
    yaw: 89.99999
    pitch: 0.0
  vesnice:
    world: world
    x: -317.24381599837994
    y: 64.0
    z: -596.3031254749974
    yaw: -239.45312
    pitch: 17.100086
  mine:
    world: world_1.17
    x: 649.2803058830567
    y: 67.0
    z: 1087.5061746438685
    yaw: 17.692749
    pitch: 4.9502764
logoutlocation:
  world: world_1.17
  x: 655.4603091820768
  y: 67.0
  z: 968.1630540719689
  yaw: 20.249756
  pitch: 8.699922
lastlocation:
  world: world_1.17
  x: 628.2967285052833
  y: 67.0
  z: 1123.3957921722404
  yaw: -91.19702
  pitch: 3.1500516
afk: false
