lastAccountName: Kamen
timestamps:
  login: 1627239700010
  logout: 1627241774448
  lastteleport: 1627240966903
ipAddress: 88.101.39.37
homes:
  home:
    world: world_1.17
    x: 730.5
    y: 84.0
    z: 948.5
    yaw: 89.99999
    pitch: 0.0
  vesnice:
    world: world
    x: -317.24381599837994
    y: 64.0
    z: -596.3031254749974
    yaw: -239.45312
    pitch: 17.100086
  mine:
    world: world_1.17
    x: 649.2803058830567
    y: 67.0
    z: 1087.5061746438685
    yaw: 17.692749
    pitch: 4.9502764
logoutlocation:
  world: world_1.17
  x: 732.0685710619293
  y: 61.0
  z: 943.461921120314
  yaw: 95.05176
  pitch: -40.350548
lastlocation:
  world: world_1.17
  x: 828.9313863981309
  y: 68.5
  z: 919.8253522034835
  yaw: -101.56964
  pitch: 14.5508995
afk: false
