lastAccountName: Kamen
timestamps:
  login: 1627220132656
  logout: 1627154828713
  lastteleport: 1627221005742
ipAddress: 88.101.39.37
homes:
  home:
    world: world_1.17
    x: 730.5
    y: 84.0
    z: 948.5
    yaw: 89.99999
    pitch: 0.0
  vesnice:
    world: world
    x: -317.24381599837994
    y: 64.0
    z: -596.3031254749974
    yaw: -239.45312
    pitch: 17.100086
  mine:
    world: world_1.17
    x: 649.2803058830567
    y: 67.0
    z: 1087.5061746438685
    yaw: 17.692749
    pitch: 4.9502764
logoutlocation:
  world: world_1.17
  x: 784.3798620126965
  y: 70.0
  z: 932.6999999880791
  yaw: 22.504333
  pitch: 3.5996056
lastlocation:
  world: world_1.17
  x: 803.3679444739522
  y: 68.0
  z: 899.510629016509
  yaw: 51.028942
  pitch: 7.6495757
afk: false
