lastAccountName: Dominik
timestamps:
  login: 1610312553197
  logout: 1610316195498
  lastteleport: 1610312594558
ipAddress: 88.101.244.93
lastlocation:
  world: world_nether
  x: -39.55481270618604
  y: 43.18365625453921
  z: 218.3524032904657
  yaw: 137.70035
  pitch: -29.99971
logoutlocation:
  world: world
  x: -82.88198891087336
  y: 69.0
  z: 33.79526684723513
  yaw: -183.58777
  pitch: 2.6998549
homes:
  home:
    world: world_the_end
    x: -3108.5046981138644
    y: 61.0
    z: -121.06420786736899
    yaw: 177.89172
    pitch: -45.750443
  dominik:
    world: world_the_end
    x: 48.62945449546231
    y: 1.0
    z: -296.8970391097254
    yaw: 171.00684
    pitch: 11.549791
  vesnice:
    world: world
    x: 292.74260914830995
    y: 70.0
    z: 21.172796751615767
    yaw: 130.69196
    pitch: 13.049802
afk: false
