lastAccountName: Dominik
timestamps:
  login: 1609362057583
  logout: 1609365397769
  lastteleport: 1609362561559
ipAddress: 88.101.244.93
lastlocation:
  world: world_nether
  x: 129.3703021466786
  y: 51.0
  z: 16.359301547851985
  yaw: 143.51431
  pitch: 43.199726
logoutlocation:
  world: world
  x: -139.74206596806968
  y: 70.0
  z: 37.1455851043253
  yaw: -169.35052
  pitch: 9.000008
homes:
  home:
    world: world_the_end
    x: -3108.5046981138644
    y: 61.0
    z: -121.06420786736899
    yaw: 177.89172
    pitch: -45.750443
  dominik:
    world: world_the_end
    x: 48.62945449546231
    y: 1.0
    z: -296.8970391097254
    yaw: 171.00684
    pitch: 11.549791
  vesnice:
    world: world
    x: 292.74260914830995
    y: 70.0
    z: 21.172796751615767
    yaw: 130.69196
    pitch: 13.049802
afk: false
