lastAccountName: Dominik
timestamps:
  login: 1609334027489
  logout: 1609334862090
  lastteleport: 1609272254301
ipAddress: 88.101.244.93
lastlocation:
  world: world
  x: -137.54421905211458
  y: 60.125
  z: 6.1803636396450665
  yaw: -317.43225
  pitch: 41.549896
logoutlocation:
  world: world
  x: -138.65357464565
  y: 71.0
  z: 2.5436311260253164
  yaw: -78.31033
  pitch: 16.049957
homes:
  home:
    world: world_the_end
    x: -3108.5046981138644
    y: 61.0
    z: -121.06420786736899
    yaw: 177.89172
    pitch: -45.750443
  dominik:
    world: world_the_end
    x: 48.62945449546231
    y: 1.0
    z: -296.8970391097254
    yaw: 171.00684
    pitch: 11.549791
  vesnice:
    world: world
    x: 292.74260914830995
    y: 70.0
    z: 21.172796751615767
    yaw: 130.69196
    pitch: 13.049802
afk: false
