lastAccountName: Dominik
timestamps:
  login: 1606166489420
  logout: 1606167393097
  lastteleport: 1606167387546
ipAddress: 88.101.244.93
lastlocation:
  world: world
  x: 2404.88036641769
  y: 61.3109098445757
  z: -2917.948610308665
  yaw: 131.55493
  pitch: 16.199913
logoutlocation:
  world: world
  x: -81.71957694003508
  y: 69.0
  z: 34.43604460371322
  yaw: -359.4339
  pitch: 23.54998
homes:
  home:
    world: world
    x: -1991.5
    y: 64.0
    z: 752.5
    yaw: 175.61658
    pitch: 24.284124
  dominik:
    world: world
    x: -431.8973064816337
    y: 71.0
    z: 1766.215309932376
    yaw: -0.9496513
    pitch: 22.350142
  vesnice:
    world: world
    x: 292.74260914830995
    y: 70.0
    z: 21.172796751615767
    yaw: 130.69196
    pitch: 13.049802
afk: false
