lastAccountName: Dominik
timestamps:
  login: 1616270677801
  logout: 1616013795941
  lastteleport: 1616274468510
ipAddress: 31.30.170.250
lastlocation:
  world: world
  x: 225.5286624810258
  y: 11.0
  z: -2635.9132726170715
  yaw: -37.70743
  pitch: 15.449889
logoutlocation:
  world: world
  x: 244.20879180537486
  y: 63.0
  z: -2631.8646169095705
  yaw: -263.30652
  pitch: 15.149945
homes:
  home:
    world: world_the_end
    x: 43.61698886803077
    y: 57.0
    z: -120.52231217266169
    yaw: 48.600113
    pitch: 13.349999
  dominik:
    world: world
    x: 231.1924742098412
    y: 63.0
    z: -2626.17873117817
    yaw: -48.20734
    pitch: 30.60011
  vesnice:
    world: world
    x: 292.74260914830995
    y: 70.0
    z: 21.172796751615767
    yaw: 130.69196
    pitch: 13.049802
afk: false
