timestamps:
  login: 1642973778477
  logout: 1642976742033
  lastteleport: 1642976683992
lastlocation:
  world: world_1.17
  x: -1426.0578070198615
  y: 70.0
  z: 780.2416787798132
  yaw: -93.303345
  pitch: 6.4499373
logoutlocation:
  world: world_1.17
  x: -390.0328041771439
  y: 76.0
  z: -832.1977990350304
  yaw: -1.2003784
  pitch: -27.60006
homes:
  kostlivci:
    world: world_1.17
    x: -219.87230591800144
    y: 29.0
    z: -726.0987325263345
    yaw: 19.202515
    pitch: 28.049736
  home:
    world: world_1.17
    x: -387.64299497831485
    y: 78.0
    z: -822.2951398096492
    yaw: 60.599533
    pitch: 37.200012
  k:
    world: world_1.17_nether
    x: 5.218256493110905
    y: 117.5
    z: -2.7617011000485783
    yaw: -108.03888
    pitch: -9.900108
afk: false
ip-address: 88.101.164.176
last-account-name: Dominik
