lastAccountName: Dominik
timestamps:
  login: 1606685579831
  logout: 1606690264793
  lastteleport: 1606645797405
ipAddress: 88.101.244.93
lastlocation:
  world: world
  x: -152.2931704947123
  y: 68.0
  z: -40.92500001192092
  yaw: -297.78278
  pitch: 18.599876
logoutlocation:
  world: world
  x: -87.27158097254576
  y: 70.0
  z: 49.356697337998305
  yaw: 340.00586
  pitch: -3.299503
homes:
  home:
    world: world_the_end
    x: -3108.5046981138644
    y: 61.0
    z: -121.06420786736899
    yaw: 177.89172
    pitch: -45.750443
  dominik:
    world: world_the_end
    x: 48.62945449546231
    y: 1.0
    z: -296.8970391097254
    yaw: 171.00684
    pitch: 11.549791
  vesnice:
    world: world
    x: 292.74260914830995
    y: 70.0
    z: 21.172796751615767
    yaw: 130.69196
    pitch: 13.049802
afk: false
