lastAccountName: Dominik
timestamps:
  login: 1635189637475
  logout: 1635195684880
  lastteleport: 1635195417448
ipAddress: 88.101.164.176
lastlocation:
  world: world_1.17
  x: -396.69999998807907
  y: 91.5
  z: -853.4591790697427
  yaw: -149.4013
  pitch: 47.100273
logoutlocation:
  world: world_1.17
  x: -481.26868976296515
  y: 70.0
  z: -824.8076962895628
  yaw: -137.83801
  pitch: 3.2999725
homes:
  kostlivci:
    world: world_1.17
    x: -219.87230591800144
    y: 29.0
    z: -726.0987325263345
    yaw: 19.202515
    pitch: 28.049736
  home:
    world: world_1.17
    x: -387.64299497831485
    y: 78.0
    z: -822.2951398096492
    yaw: 60.599533
    pitch: 37.200012
  ob:
    world: world_1.17
    x: 79.86731129332537
    y: 64.0
    z: -25.17241767975203
    yaw: -146.70143
    pitch: 29.849949
afk: false
