lastAccountName: Dominik
timestamps:
  login: 1628186126860
  logout: 1628113991826
  lastteleport: 1628187128295
ipAddress: 31.30.165.90
lastlocation:
  world: world_1.17
  x: 118.7015966462843
  y: 65.9375
  z: 12.898461116385972
  yaw: 161.54846
  pitch: 19.499928
logoutlocation:
  world: world_1.17
  x: -385.297284184614
  y: 75.0
  z: -814.8219117817033
  yaw: -92.400505
  pitch: -5.999983
homes:
  kostlivci:
    world: world_1.17
    x: -219.87230591800144
    y: 29.0
    z: -726.0987325263345
    yaw: 19.202515
    pitch: 28.049736
  home:
    world: world_1.17
    x: -387.64299497831485
    y: 78.0
    z: -822.2951398096492
    yaw: 60.599533
    pitch: 37.200012
  exp:
    world: world_1.17_nether
    x: -70.35333238502578
    y: 128.0
    z: -21.68104700581332
    yaw: 52.646637
    pitch: 7.8000045
afk: false
