lastAccountName: Dominik
timestamps:
  login: 1616949517237
  logout: 1616951623703
  lastteleport: 1616950804200
ipAddress: 31.30.170.250
lastlocation:
  world: world_the_end
  x: 99.94191983240034
  y: 49.0
  z: 0.8848939825922422
  yaw: 265.48633
  pitch: 51.149822
logoutlocation:
  world: world
  x: -45.65777879429728
  y: 87.0
  z: 72.81706034865863
  yaw: 176.83984
  pitch: 44.249615
homes:
  home:
    world: world_the_end
    x: 43.61698886803077
    y: 57.0
    z: -120.52231217266169
    yaw: 48.600113
    pitch: 13.349999
  dominik:
    world: world
    x: 231.1924742098412
    y: 63.0
    z: -2626.17873117817
    yaw: -48.20734
    pitch: 30.60011
  vesnice:
    world: world
    x: 292.74260914830995
    y: 70.0
    z: 21.172796751615767
    yaw: 130.69196
    pitch: 13.049802
afk: false
