lastAccountName: Dominik
timestamps:
  login: 1605907268275
  logout: 1605914226037
  lastteleport: 1605913238071
ipAddress: 88.101.244.93
lastlocation:
  world: world
  x: 112.69999998807907
  y: 7.0
  z: 32.400025030193895
  yaw: 314.57666
  pitch: 17.400005
logoutlocation:
  world: world
  x: 13.631736876611553
  y: 63.0
  z: 3.5242405561265278
  yaw: 62.524536
  pitch: 14.549583
homes:
  home:
    world: world
    x: -1991.5
    y: 64.0
    z: 752.5
    yaw: 175.61658
    pitch: 24.284124
  dominik:
    world: world_nether
    x: 86.08552483772309
    y: 83.875
    z: -641.6954281189015
    yaw: 201.1189
    pitch: 25.050623
  vesnice:
    world: world
    x: 292.74260914830995
    y: 70.0
    z: 21.172796751615767
    yaw: 130.69196
    pitch: 13.049802
afk: false
