lastAccountName: Dominik
timestamps:
  login: 1641585611276
  logout: 1641591249381
  lastteleport: 1641589943543
ipAddress: 88.101.164.176
lastlocation:
  world: world_1.17_nether
  x: 248.40455902456637
  y: 117.0
  z: -120.3872147552641
  yaw: 48.591553
  pitch: 29.850178
logoutlocation:
  world: world_1.17
  x: -390.31633448699006
  y: 75.875
  z: -827.6086400798299
  yaw: 36.070034
  pitch: 18.300106
homes:
  kostlivci:
    world: world_1.17
    x: -219.87230591800144
    y: 29.0
    z: -726.0987325263345
    yaw: 19.202515
    pitch: 28.049736
  home:
    world: world_1.17
    x: -387.64299497831485
    y: 78.0
    z: -822.2951398096492
    yaw: 60.599533
    pitch: 37.200012
  k:
    world: world_1.17_nether
    x: 417.4404939399764
    y: 117.0
    z: -245.50453998281867
    yaw: -4.7194824
    pitch: 22.350178
afk: false
