lastAccountName: Dominik
timestamps:
  login: 1609420627087
  logout: 1609423229644
  lastteleport: 1609418653208
ipAddress: 88.101.244.93
lastlocation:
  world: world_the_end
  x: 49.77513959177675
  y: 1.0
  z: -297.018848424822
  yaw: 39.156605
  pitch: 15.449786
logoutlocation:
  world: world
  x: -42.299116295986835
  y: 70.0
  z: 79.28643619655882
  yaw: 294.6134
  pitch: 18.14967
homes:
  home:
    world: world_the_end
    x: -3108.5046981138644
    y: 61.0
    z: -121.06420786736899
    yaw: 177.89172
    pitch: -45.750443
  dominik:
    world: world_the_end
    x: 48.62945449546231
    y: 1.0
    z: -296.8970391097254
    yaw: 171.00684
    pitch: 11.549791
  vesnice:
    world: world
    x: 292.74260914830995
    y: 70.0
    z: 21.172796751615767
    yaw: 130.69196
    pitch: 13.049802
afk: false
