lastAccountName: Dominik
timestamps:
  login: 1609246221583
  logout: 1609197400343
  lastteleport: 1609247882350
ipAddress: 88.101.244.93
lastlocation:
  world: world
  x: 137.3421390368831
  y: 12.0
  z: 97.54239759252037
  yaw: -89.82724
  pitch: 15.450417
logoutlocation:
  world: world
  x: -38.2823081869502
  y: 71.0
  z: 76.76311886749329
  yaw: 27.916931
  pitch: 16.049925
homes:
  home:
    world: world_the_end
    x: -3108.5046981138644
    y: 61.0
    z: -121.06420786736899
    yaw: 177.89172
    pitch: -45.750443
  dominik:
    world: world_the_end
    x: 48.62945449546231
    y: 1.0
    z: -296.8970391097254
    yaw: 171.00684
    pitch: 11.549791
  vesnice:
    world: world
    x: 292.74260914830995
    y: 70.0
    z: 21.172796751615767
    yaw: 130.69196
    pitch: 13.049802
afk: false
