lastAccountName: Dominik
timestamps:
  login: 1610915474022
  logout: 1610905049280
  lastteleport: 1610921219298
ipAddress: 88.101.244.93
lastlocation:
  world: world_nether
  x: -19.288388224012902
  y: 65.5
  z: 1.1908219928569834
  yaw: 19.616583
  pitch: 11.399605
logoutlocation:
  world: world
  x: -120.35781399639683
  y: 86.5
  z: 36.44336114480557
  yaw: 359.21576
  pitch: 17.999912
homes:
  home:
    world: world
    x: -128.40818300153956
    y: 71.0
    z: 35.162422794611786
    yaw: 83.216
    pitch: 23.24994
  dominik:
    world: world_the_end
    x: 48.62945449546231
    y: 1.0
    z: -296.8970391097254
    yaw: 171.00684
    pitch: 11.549791
  vesnice:
    world: world
    x: 292.74260914830995
    y: 70.0
    z: 21.172796751615767
    yaw: 130.69196
    pitch: 13.049802
afk: false
