lastAccountName: Dominik
timestamps:
  login: 1640896004382
  logout: 1640904085889
  lastteleport: 1640902963945
ipAddress: 88.101.164.176
lastlocation:
  world: world_1.17
  x: -499.9861854369512
  y: 67.0
  z: -859.1781662469681
  yaw: -65.54959
  pitch: 16.04993
logoutlocation:
  world: world_1.17
  x: -397.4329128275052
  y: 96.0
  z: -845.7925619710933
  yaw: 96.29822
  pitch: 28.650267
homes:
  kostlivci:
    world: world_1.17
    x: -219.87230591800144
    y: 29.0
    z: -726.0987325263345
    yaw: 19.202515
    pitch: 28.049736
  home:
    world: world_1.17
    x: -387.64299497831485
    y: 78.0
    z: -822.2951398096492
    yaw: 60.599533
    pitch: 37.200012
  ob:
    world: world_1.17
    x: 79.86731129332537
    y: 64.0
    z: -25.17241767975203
    yaw: -146.70143
    pitch: 29.849949
afk: false
