lastAccountName: Dominik
timestamps:
  login: 1641132795094
  logout: 1641130964680
  lastteleport: 1641142401838
ipAddress: 88.101.164.176
lastlocation:
  world: world_1.17_nether
  x: 1.8804025306632515
  y: 103.0
  z: -218.30000001192093
  yaw: 18.442566
  pitch: 26.999874
logoutlocation:
  world: world_1.17
  x: -380.2315131237741
  y: 75.0
  z: -857.3086883401671
  yaw: 0.29974097
  pitch: 28.200195
homes:
  kostlivci:
    world: world_1.17
    x: -219.87230591800144
    y: 29.0
    z: -726.0987325263345
    yaw: 19.202515
    pitch: 28.049736
  home:
    world: world_1.17
    x: -387.64299497831485
    y: 78.0
    z: -822.2951398096492
    yaw: 60.599533
    pitch: 37.200012
  ob:
    world: world_1.17
    x: 79.86731129332537
    y: 64.0
    z: -25.17241767975203
    yaw: -146.70143
    pitch: 29.849949
afk: false
