lastAccountName: Dominik
timestamps:
  login: 1610224683640
  logout: 1610193303155
  lastteleport: 1610226476525
ipAddress: 88.101.244.93
lastlocation:
  world: world
  x: -123.52336544203614
  y: 85.0
  z: 42.31043168353871
  yaw: 222.1513
  pitch: 46.35009
logoutlocation:
  world: world
  x: -120.82712189334902
  y: 85.5
  z: 47.10784642983876
  yaw: -166.51373
  pitch: 43.65037
homes:
  home:
    world: world_the_end
    x: -3108.5046981138644
    y: 61.0
    z: -121.06420786736899
    yaw: 177.89172
    pitch: -45.750443
  dominik:
    world: world_the_end
    x: 48.62945449546231
    y: 1.0
    z: -296.8970391097254
    yaw: 171.00684
    pitch: 11.549791
  vesnice:
    world: world
    x: 292.74260914830995
    y: 70.0
    z: 21.172796751615767
    yaw: 130.69196
    pitch: 13.049802
afk: false
