lastAccountName: Dominik
timestamps:
  login: 1634977860280
  logout: 1634979014030
  lastteleport: 1634848686627
ipAddress: 88.101.164.176
lastlocation:
  world: world_1.17
  x: -451.35586381247776
  y: 64.0
  z: -861.8449337697793
  yaw: -16.049812
  pitch: 13.499979
logoutlocation:
  world: world_1.17
  x: -1323.062121026756
  y: 64.8500000178814
  z: -389.7490939144549
  yaw: 124.67071
  pitch: 18.449993
homes:
  kostlivci:
    world: world_1.17
    x: -219.87230591800144
    y: 29.0
    z: -726.0987325263345
    yaw: 19.202515
    pitch: 28.049736
  home:
    world: world_1.17
    x: -387.64299497831485
    y: 78.0
    z: -822.2951398096492
    yaw: 60.599533
    pitch: 37.200012
  ob:
    world: world_1.17
    x: 79.86731129332537
    y: 64.0
    z: -25.17241767975203
    yaw: -146.70143
    pitch: 29.849949
afk: false
