lastAccountName: Dominik
timestamps:
  login: 1617459963012
  logout: 1617459642855
  lastteleport: 1617459213657
ipAddress: 31.30.170.250
lastlocation:
  world: world
  x: 245.7120700373798
  y: 68.5
  z: -2630.603064228839
  yaw: 89.94263
  pitch: 13.650046
logoutlocation:
  world: world_nether
  x: -13.509418133680215
  y: 66.0
  z: 2.4091602421233604
  yaw: 70.01643
  pitch: 80.39999
homes:
  home:
    world: world_the_end
    x: 43.61698886803077
    y: 57.0
    z: -120.52231217266169
    yaw: 48.600113
    pitch: 13.349999
  dominik:
    world: world
    x: 231.1924742098412
    y: 63.0
    z: -2626.17873117817
    yaw: -48.20734
    pitch: 30.60011
  vesnice:
    world: world
    x: 1889.6501018717395
    y: 72.0
    z: 239.96448795269822
    yaw: 56.253662
    pitch: 16.500135
afk: false
