lastAccountName: Dominik
timestamps:
  login: 1611514515183
  logout: 1611516576842
  lastteleport: 1611515693307
ipAddress: 31.30.168.171
lastlocation:
  world: world_nether
  x: -417.11499322992745
  y: 61.0
  z: -27.782128615767974
  yaw: -76.94913
  pitch: 14.249917
logoutlocation:
  world: world
  x: -130.76358950604492
  y: 71.0
  z: 68.896378479438
  yaw: -298.6402
  pitch: 6.3005
homes:
  home:
    world: world
    x: -128.40818300153956
    y: 71.0
    z: 35.162422794611786
    yaw: 83.216
    pitch: 23.24994
  dominik:
    world: world_the_end
    x: 48.62945449546231
    y: 1.0
    z: -296.8970391097254
    yaw: 171.00684
    pitch: 11.549791
  vesnice:
    world: world
    x: 292.74260914830995
    y: 70.0
    z: 21.172796751615767
    yaw: 130.69196
    pitch: 13.049802
afk: false
