lastAccountName: Dominik
timestamps:
  login: 1609251285012
  logout: 1609255440391
  lastteleport: 1609255121189
ipAddress: 88.101.244.93
lastlocation:
  world: world_nether
  x: 78.7209392125934
  y: 60.0
  z: 52.087623645011526
  yaw: -231.48416
  pitch: 22.649931
logoutlocation:
  world: world
  x: 5.699999988079072
  y: 69.0
  z: 105.58223926325034
  yaw: 82.17084
  pitch: 74.85013
homes:
  home:
    world: world_the_end
    x: -3108.5046981138644
    y: 61.0
    z: -121.06420786736899
    yaw: 177.89172
    pitch: -45.750443
  dominik:
    world: world_the_end
    x: 48.62945449546231
    y: 1.0
    z: -296.8970391097254
    yaw: 171.00684
    pitch: 11.549791
  vesnice:
    world: world
    x: 292.74260914830995
    y: 70.0
    z: 21.172796751615767
    yaw: 130.69196
    pitch: 13.049802
afk: false
