lastAccountName: Dominik
timestamps:
  login: 1610660606465
  logout: 1610662975493
  lastteleport: 1610660757460
ipAddress: 88.101.244.93
lastlocation:
  world: world_the_end
  x: 44.399779929077205
  y: 1.0
  z: -293.98750001192093
  yaw: 182.10606
  pitch: 27.299757
logoutlocation:
  world: world
  x: -282.7133165598802
  y: 78.0
  z: 39.55154991062109
  yaw: -271.3506
  pitch: 22.95009
homes:
  home:
    world: world
    x: 1857.084546299524
    y: 63.0
    z: 249.01714843857266
    yaw: 83.402855
    pitch: -16.649729
  dominik:
    world: world_the_end
    x: 48.62945449546231
    y: 1.0
    z: -296.8970391097254
    yaw: 171.00684
    pitch: 11.549791
  vesnice:
    world: world
    x: 292.74260914830995
    y: 70.0
    z: 21.172796751615767
    yaw: 130.69196
    pitch: 13.049802
afk: false
