lastAccountName: Dominik
timestamps:
  login: 1606154820011
  logout: 1606157791938
  lastteleport: 1606155851661
ipAddress: 88.101.244.93
lastlocation:
  world: world
  x: -83.82322165333379
  y: 27.0
  z: 28.94054875415297
  yaw: -4.962036
  pitch: 29.100044
logoutlocation:
  world: world
  x: -68.6574717220532
  y: 67.0
  z: 37.664516227502666
  yaw: -135.30167
  pitch: 1.7999666
homes:
  home:
    world: world
    x: -1991.5
    y: 64.0
    z: 752.5
    yaw: 175.61658
    pitch: 24.284124
  dominik:
    world: world
    x: -431.8973064816337
    y: 71.0
    z: 1766.215309932376
    yaw: -0.9496513
    pitch: 22.350142
  vesnice:
    world: world
    x: 292.74260914830995
    y: 70.0
    z: 21.172796751615767
    yaw: 130.69196
    pitch: 13.049802
afk: false
