lastAccountName: Dominik
timestamps:
  login: 1609251285012
  logout: 1609248216442
  lastteleport: 1609251846814
ipAddress: 88.101.244.93
lastlocation:
  world: world
  x: 106.58716265993577
  y: 10.0
  z: 445.42592240775883
  yaw: 85.04126
  pitch: 10.80022
logoutlocation:
  world: world
  x: 292.22305254675194
  y: 70.0
  z: 21.177397123303543
  yaw: 138.79196
  pitch: 18.5998
homes:
  home:
    world: world_the_end
    x: -3108.5046981138644
    y: 61.0
    z: -121.06420786736899
    yaw: 177.89172
    pitch: -45.750443
  dominik:
    world: world_the_end
    x: 48.62945449546231
    y: 1.0
    z: -296.8970391097254
    yaw: 171.00684
    pitch: 11.549791
  vesnice:
    world: world
    x: 292.74260914830995
    y: 70.0
    z: 21.172796751615767
    yaw: 130.69196
    pitch: 13.049802
afk: true
