lastAccountName: Dominik
timestamps:
  login: 1610049555152
  logout: 1610060050340
  lastteleport: 1610060001997
ipAddress: 88.101.244.93
lastlocation:
  world: world_the_end
  x: 43.95422653823381
  y: 1.0
  z: -299.4338232606415
  yaw: 345.1548
  pitch: 16.649755
logoutlocation:
  world: world
  x: -109.48319009060317
  y: 70.0
  z: 33.10006408013401
  yaw: 42.899982
  pitch: 28.79998
homes:
  home:
    world: world_the_end
    x: -3108.5046981138644
    y: 61.0
    z: -121.06420786736899
    yaw: 177.89172
    pitch: -45.750443
  dominik:
    world: world_the_end
    x: 48.62945449546231
    y: 1.0
    z: -296.8970391097254
    yaw: 171.00684
    pitch: 11.549791
  vesnice:
    world: world
    x: 292.74260914830995
    y: 70.0
    z: 21.172796751615767
    yaw: 130.69196
    pitch: 13.049802
afk: false
