lastAccountName: Dominik
timestamps:
  login: 1609623456351
  logout: 1609549456041
  lastteleport: 1609548622092
ipAddress: 88.101.244.93
lastlocation:
  world: world
  x: -156.51197771550224
  y: 31.0
  z: 146.30000001192093
  yaw: 183.84143
  pitch: -19.350254
logoutlocation:
  world: world
  x: -113.70526187501424
  y: 63.0
  z: 120.68892306729776
  yaw: 40.446167
  pitch: 13.349572
homes:
  home:
    world: world_the_end
    x: -3108.5046981138644
    y: 61.0
    z: -121.06420786736899
    yaw: 177.89172
    pitch: -45.750443
  dominik:
    world: world_the_end
    x: 48.62945449546231
    y: 1.0
    z: -296.8970391097254
    yaw: 171.00684
    pitch: 11.549791
  vesnice:
    world: world
    x: 292.74260914830995
    y: 70.0
    z: 21.172796751615767
    yaw: 130.69196
    pitch: 13.049802
afk: false
