lastAccountName: Dominik
timestamps:
  login: 1617484316903
  logout: 1617461279351
  lastteleport: 1617485699755
ipAddress: 31.30.170.250
lastlocation:
  world: world
  x: -30.6415805179217
  y: 66.5
  z: 57.542292080368696
  yaw: -188.58374
  pitch: 11.999947
logoutlocation:
  world: world
  x: 1888.2408135976386
  y: 72.0
  z: 245.227973852849
  yaw: 39.303596
  pitch: 24.750177
homes:
  home:
    world: world_the_end
    x: 43.61698886803077
    y: 57.0
    z: -120.52231217266169
    yaw: 48.600113
    pitch: 13.349999
  dominik:
    world: world
    x: 231.1924742098412
    y: 63.0
    z: -2626.17873117817
    yaw: -48.20734
    pitch: 30.60011
  vesnice:
    world: world
    x: 1889.6501018717395
    y: 72.0
    z: 239.96448795269822
    yaw: 56.253662
    pitch: 16.500135
afk: false
