lastAccountName: Dominik
timestamps:
  login: 1628019545038
  logout: 1628027137976
  lastteleport: 1628026391129
ipAddress: 31.30.165.90
lastlocation:
  world: world_1.17
  x: 763.3943962424595
  y: 67.5
  z: 933.7179837106414
  yaw: 164.85333
  pitch: 16.349949
logoutlocation:
  world: world_1.17
  x: -389.5024996292736
  y: 74.9375
  z: -823.739725828202
  yaw: -4.6540527
  pitch: 10.350307
homes:
  kostlivci:
    world: world_1.17
    x: -219.87230591800144
    y: 29.0
    z: -726.0987325263345
    yaw: 19.202515
    pitch: 28.049736
  home:
    world: world_1.17
    x: -387.64299497831485
    y: 78.0
    z: -822.2951398096492
    yaw: 60.599533
    pitch: 37.200012
  exp:
    world: world_1.17_nether
    x: -70.35333238502578
    y: 128.0
    z: -21.68104700581332
    yaw: 52.646637
    pitch: 7.8000045
afk: false
