lastAccountName: Dominik
timestamps:
  login: 1609796036844
  logout: 1609793069644
  lastteleport: 1609792781848
ipAddress: 88.101.244.93
lastlocation:
  world: world
  x: 288.66102342371653
  y: 71.0
  z: 21.045701075244878
  yaw: -77.433655
  pitch: 12.899969
logoutlocation:
  world: world
  x: -119.64312540459248
  y: 70.5
  z: 38.861326472926194
  yaw: 21.60019
  pitch: 13.050011
homes:
  home:
    world: world_the_end
    x: -3108.5046981138644
    y: 61.0
    z: -121.06420786736899
    yaw: 177.89172
    pitch: -45.750443
  dominik:
    world: world_the_end
    x: 48.62945449546231
    y: 1.0
    z: -296.8970391097254
    yaw: 171.00684
    pitch: 11.549791
  vesnice:
    world: world
    x: 292.74260914830995
    y: 70.0
    z: 21.172796751615767
    yaw: 130.69196
    pitch: 13.049802
afk: false
