lastAccountName: Dominik
timestamps:
  login: 1629825753782
  logout: 1629830769079
  lastteleport: 1629829836843
ipAddress: 31.30.165.90
lastlocation:
  world: world_1.17
  x: 116.89995964173083
  y: 73.0625
  z: -29.498633160055373
  yaw: -69.30188
  pitch: 11.249935
logoutlocation:
  world: world_1.17
  x: -478.8254040451977
  y: 56.0
  z: -820.9539850313272
  yaw: -87.59726
  pitch: 21.149973
homes:
  kostlivci:
    world: world_1.17
    x: -219.87230591800144
    y: 29.0
    z: -726.0987325263345
    yaw: 19.202515
    pitch: 28.049736
  home:
    world: world_1.17
    x: -387.64299497831485
    y: 78.0
    z: -822.2951398096492
    yaw: 60.599533
    pitch: 37.200012
  ob:
    world: world_1.17
    x: 79.86731129332537
    y: 64.0
    z: -25.17241767975203
    yaw: -146.70143
    pitch: 29.849949
afk: false
