lastAccountName: Dominik
timestamps:
  login: 1609962473094
  logout: 1609801047591
  lastteleport: 1609965087049
ipAddress: 88.101.244.93
lastlocation:
  world: world
  x: 278.4629610018345
  y: 74.0
  z: 39.004929406060356
  yaw: -320.05765
  pitch: 10.949825
logoutlocation:
  world: world
  x: -122.9928712010465
  y: 70.5
  z: 37.14039044293604
  yaw: -44.39389
  pitch: 6.3002667
homes:
  home:
    world: world_the_end
    x: -3108.5046981138644
    y: 61.0
    z: -121.06420786736899
    yaw: 177.89172
    pitch: -45.750443
  dominik:
    world: world_the_end
    x: 48.62945449546231
    y: 1.0
    z: -296.8970391097254
    yaw: 171.00684
    pitch: 11.549791
  vesnice:
    world: world
    x: 292.74260914830995
    y: 70.0
    z: 21.172796751615767
    yaw: 130.69196
    pitch: 13.049802
afk: false
