lastAccountName: Dominik
timestamps:
  login: 1605985797178
  logout: 1605985286641
  lastteleport: 1605991600256
ipAddress: 88.101.244.93
lastlocation:
  world: world
  x: -2062.996141425287
  y: 70.0
  z: 755.8238811476143
  yaw: -110.13345
  pitch: 21.4341
logoutlocation:
  world: world
  x: -2053.979504215077
  y: 77.5
  z: 709.4720272111159
  yaw: 170.96637
  pitch: 36.584023
homes:
  home:
    world: world
    x: -1991.5
    y: 64.0
    z: 752.5
    yaw: 175.61658
    pitch: 24.284124
  dominik:
    world: world
    x: -431.8973064816337
    y: 71.0
    z: 1766.215309932376
    yaw: -0.9496513
    pitch: 22.350142
  vesnice:
    world: world
    x: 292.74260914830995
    y: 70.0
    z: 21.172796751615767
    yaw: 130.69196
    pitch: 13.049802
afk: false
