timestamps:
  login: 1644603079795
  logout: 1644605152174
  lastteleport: 1644604883922
  lastheal: 0
  mute: 0
  jail: 0
  onlinejail: 0
lastlocation:
  world: 5e52e54b-69fd-4280-ae27-5dabf3e709a5
  x: -180.92510631251187
  y: -53.0
  z: -827.1927268853946
  yaw: 19.3740234375
  pitch: 19.0500545501709
  world-name: world_1.17
logoutlocation:
  world: 5e52e54b-69fd-4280-ae27-5dabf3e709a5
  x: -397.15314311056665
  y: 96.0
  z: -843.1410735054692
  yaw: -127.79864501953125
  pitch: 39.300193786621094
  world-name: world_1.17
homes:
  kostlivci:
    world: 5e52e54b-69fd-4280-ae27-5dabf3e709a5
    x: -219.87230591800144
    y: 29.0
    z: -726.0987325263345
    yaw: 19.2025146484375
    pitch: 28.04973602294922
    world-name: world_1.17
  home:
    world: 5e52e54b-69fd-4280-ae27-5dabf3e709a5
    x: -387.64299497831485
    y: 78.0
    z: -822.2951398096492
    yaw: 60.59953308105469
    pitch: 37.20001220703125
    world-name: world_1.17
  k:
    world: 3a2fbc93-1d4c-4ec0-98d1-6263e95420c4
    x: 5.218256493110905
    y: 117.5
    z: -2.7617011000485783
    yaw: -108.03887939453125
    pitch: -9.900108337402344
    world-name: world_1.17_nether
afk: false
ip-address: 88.101.164.176
last-account-name: Dominik
teleportenabled: true
teleportauto: false
godmode: false
muted: false
jailed: false
socialspy: false
npc: false
powertoolsenabled: true
accepting-pay: true
baltop-exempt: false
money: '0'
