lastAccountName: Dominik
timestamps:
  login: 1607189089425
  logout: 1607193020970
  lastteleport: 1607112271342
ipAddress: 88.101.244.93
lastlocation:
  world: world
  x: 292.5
  y: 70.0
  z: 21.5
  yaw: 162.3419
  pitch: 18.449802
logoutlocation:
  world: world
  x: -108.11203637553437
  y: 63.5
  z: 117.35147638982541
  yaw: 284.8647
  pitch: 23.250168
homes:
  home:
    world: world_the_end
    x: -3108.5046981138644
    y: 61.0
    z: -121.06420786736899
    yaw: 177.89172
    pitch: -45.750443
  dominik:
    world: world_the_end
    x: 48.62945449546231
    y: 1.0
    z: -296.8970391097254
    yaw: 171.00684
    pitch: 11.549791
  vesnice:
    world: world
    x: 292.74260914830995
    y: 70.0
    z: 21.172796751615767
    yaw: 130.69196
    pitch: 13.049802
afk: false
