lastAccountName: Dominik
timestamps:
  login: 1615056458423
  logout: 1615056530460
  lastteleport: 1615056339621
ipAddress: 31.30.170.208
lastlocation:
  world: world
  x: -86.53820883793473
  y: 57.0
  z: 13.520008185138884
  yaw: -0.33044434
  pitch: 0.8998515
logoutlocation:
  world: world
  x: 67.00972813640023
  y: 69.0
  z: 476.73200314486996
  yaw: -267.184
  pitch: 19.799948
homes:
  home:
    world: world
    x: -128.40818300153956
    y: 71.0
    z: 35.162422794611786
    yaw: 83.216
    pitch: 23.24994
  dominik:
    world: world_the_end
    x: 48.62945449546231
    y: 1.0
    z: -296.8970391097254
    yaw: 171.00684
    pitch: 11.549791
  vesnice:
    world: world
    x: 292.74260914830995
    y: 70.0
    z: 21.172796751615767
    yaw: 130.69196
    pitch: 13.049802
afk: false
