lastAccountName: Dominik
timestamps:
  login: 1615834865736
  logout: 1615831359271
  lastteleport: 1615837003975
ipAddress: 31.30.170.250
lastlocation:
  world: world
  x: 231.5
  y: 63.0
  z: -2626.5
  yaw: -48.20734
  pitch: 30.60011
logoutlocation:
  world: world
  x: 229.93099674271258
  y: 70.0
  z: -2633.5609305345215
  yaw: 307.5935
  pitch: 25.049866
homes:
  home:
    world: world
    x: -128.40818300153956
    y: 71.0
    z: 35.162422794611786
    yaw: 83.216
    pitch: 23.24994
  dominik:
    world: world
    x: 231.1924742098412
    y: 63.0
    z: -2626.17873117817
    yaw: -48.20734
    pitch: 30.60011
  vesnice:
    world: world
    x: 292.74260914830995
    y: 70.0
    z: 21.172796751615767
    yaw: 130.69196
    pitch: 13.049802
afk: false
