lastAccountName: Dominik
timestamps:
  login: 1617484316903
  logout: 1617488409152
  lastteleport: 1617488295665
ipAddress: 31.30.170.250
lastlocation:
  world: world
  x: 280.7490282679319
  y: 71.0
  z: 14.578558736658955
  yaw: -79.834206
  pitch: 22.04995
logoutlocation:
  world: world
  x: 1888.5190936125855
  y: 70.0
  z: 262.4064962324925
  yaw: 102.91428
  pitch: 35.700005
homes:
  home:
    world: world_the_end
    x: 43.61698886803077
    y: 57.0
    z: -120.52231217266169
    yaw: 48.600113
    pitch: 13.349999
  dominik:
    world: world
    x: 231.1924742098412
    y: 63.0
    z: -2626.17873117817
    yaw: -48.20734
    pitch: 30.60011
  vesnice:
    world: world
    x: 1889.6501018717395
    y: 72.0
    z: 239.96448795269822
    yaw: 56.253662
    pitch: 16.500135
afk: false
