lastAccountName: Dominik
timestamps:
  login: 1628617446222
  logout: 1628533660431
  lastteleport: 1628620897480
ipAddress: 31.30.165.90
lastlocation:
  world: world_1.17_nether
  x: 418.61571400532245
  y: 58.0
  z: -183.30000001192093
  yaw: 31.948175
  pitch: 26.699928
logoutlocation:
  world: world_1.17
  x: -474.1478228115847
  y: 67.0
  z: -845.6098461697612
  yaw: 107.24866
  pitch: 11.249936
homes:
  kostlivci:
    world: world_1.17
    x: -219.87230591800144
    y: 29.0
    z: -726.0987325263345
    yaw: 19.202515
    pitch: 28.049736
  home:
    world: world_1.17
    x: -387.64299497831485
    y: 78.0
    z: -822.2951398096492
    yaw: 60.599533
    pitch: 37.200012
  ob:
    world: world_1.17
    x: 79.86731129332537
    y: 64.0
    z: -25.17241767975203
    yaw: -146.70143
    pitch: 29.849949
afk: false
