lastAccountName: Dominik
timestamps:
  login: 1615316113849
  logout: 1615325810755
  lastteleport: 1615325224383
ipAddress: 31.30.170.208
lastlocation:
  world: world_nether
  x: -157.28863009127596
  y: 74.0
  z: 47.62166310623807
  yaw: -143.2846
  pitch: 29.999935
logoutlocation:
  world: world
  x: 227.2560985050201
  y: 69.0
  z: -2634.173431032146
  yaw: 6.8425584
  pitch: 33.75014
homes:
  home:
    world: world
    x: -128.40818300153956
    y: 71.0
    z: 35.162422794611786
    yaw: 83.216
    pitch: 23.24994
  dominik:
    world: world
    x: 224.87692401664876
    y: 63.0
    z: -2633.6044324697036
    yaw: -51.635376
    pitch: 19.499876
  vesnice:
    world: world
    x: 292.74260914830995
    y: 70.0
    z: 21.172796751615767
    yaw: 130.69196
    pitch: 13.049802
afk: false
