lastAccountName: Dominik
timestamps:
  login: 1616007640280
  logout: 1615931208698
  lastteleport: 1616009432366
ipAddress: 31.30.170.250
lastlocation:
  world: world_the_end
  x: -7.910346563361522
  y: 61.0
  z: 0.32664865412867383
  yaw: 92.84918
  pitch: 53.850063
logoutlocation:
  world: world
  x: 237.8640594801413
  y: 63.5625
  z: -2632.91062740759
  yaw: -169.25879
  pitch: 25.349957
homes:
  home:
    world: world_the_end
    x: 43.61698886803077
    y: 57.0
    z: -120.52231217266169
    yaw: 48.600113
    pitch: 13.349999
  dominik:
    world: world
    x: 231.1924742098412
    y: 63.0
    z: -2626.17873117817
    yaw: -48.20734
    pitch: 30.60011
  vesnice:
    world: world
    x: 292.74260914830995
    y: 70.0
    z: 21.172796751615767
    yaw: 130.69196
    pitch: 13.049802
afk: false
