lastAccountName: Dominik
timestamps:
  login: 1618429818547
  logout: 1618429813400
  lastteleport: 1618432558855
ipAddress: 31.30.170.250
lastlocation:
  world: world
  x: 271.87716360997837
  y: 55.428837819993525
  z: -2638.435561542461
  yaw: -129.65738
  pitch: 82.80009
logoutlocation:
  world: world
  x: 273.8011231230558
  y: 64.0
  z: -2577.759098326334
  yaw: 181.29185
  pitch: 15.150064
homes:
  home:
    world: world_the_end
    x: 43.61698886803077
    y: 57.0
    z: -120.52231217266169
    yaw: 48.600113
    pitch: 13.349999
  dominik:
    world: world
    x: 231.1924742098412
    y: 63.0
    z: -2626.17873117817
    yaw: -48.20734
    pitch: 30.60011
  vesnice:
    world: world
    x: 1889.6501018717395
    y: 72.0
    z: 239.96448795269822
    yaw: 56.253662
    pitch: 16.500135
afk: false
