lastAccountName: Dominik
timestamps:
  login: 1627410256896
  logout: 1627415302269
  lastteleport: 1627415300103
ipAddress: 31.30.165.90
lastlocation:
  world: world_1.17
  x: 29.329968293774492
  y: 70.5
  z: -36.944513417993235
  yaw: 92.04761
  pitch: -3.4499886
logoutlocation:
  world: world_1.17
  x: -387.5
  y: 74.0
  z: -822.5
  yaw: 60.599533
  pitch: 37.200012
homes:
  centrum:
    world: world_1.17
    x: 104.5
    y: 73.0
    z: -19.5
    yaw: 1.1282654
    pitch: 12.599962
  kostlivci:
    world: world_1.17
    x: -219.87230591800144
    y: 29.0
    z: -726.0987325263345
    yaw: 19.202515
    pitch: 28.049736
  home:
    world: world_1.17
    x: -387.64299497831485
    y: 78.0
    z: -822.2951398096492
    yaw: 60.599533
    pitch: 37.200012
afk: false
