lastAccountName: Dominik
timestamps:
  login: 1611954906164
  logout: 1611959925909
  lastteleport: 1611959919518
ipAddress: 31.30.168.171
lastlocation:
  world: world
  x: 2802.6074814061203
  y: 35.55175272982066
  z: -2880.712953525379
  yaw: 346.69006
  pitch: 20.099707
logoutlocation:
  world: world
  x: -129.30527038630595
  y: 71.0
  z: 34.239140344019795
  yaw: 141.41605
  pitch: 17.99995
homes:
  home:
    world: world
    x: -128.40818300153956
    y: 71.0
    z: 35.162422794611786
    yaw: 83.216
    pitch: 23.24994
  dominik:
    world: world_the_end
    x: 48.62945449546231
    y: 1.0
    z: -296.8970391097254
    yaw: 171.00684
    pitch: 11.549791
  vesnice:
    world: world
    x: 292.74260914830995
    y: 70.0
    z: 21.172796751615767
    yaw: 130.69196
    pitch: 13.049802
afk: false
