lastAccountName: Dominik
timestamps:
  login: 1609263858613
  logout: 1609264648464
  lastteleport: 1609264529148
ipAddress: 88.101.244.93
lastlocation:
  world: world
  x: 2921.6821075452835
  y: 72.0
  z: -5784.665065683515
  yaw: 57.762695
  pitch: 29.99996
logoutlocation:
  world: world
  x: -40.320066394458465
  y: 71.0
  z: 88.43702217814261
  yaw: -168.48145
  pitch: 15.750025
homes:
  home:
    world: world_the_end
    x: -3108.5046981138644
    y: 61.0
    z: -121.06420786736899
    yaw: 177.89172
    pitch: -45.750443
  dominik:
    world: world_the_end
    x: 48.62945449546231
    y: 1.0
    z: -296.8970391097254
    yaw: 171.00684
    pitch: 11.549791
  vesnice:
    world: world
    x: 292.74260914830995
    y: 70.0
    z: 21.172796751615767
    yaw: 130.69196
    pitch: 13.049802
afk: false
