lastAccountName: Dominik
timestamps:
  login: 1617459963012
  logout: 1617461279351
  lastteleport: 1617461232050
ipAddress: 31.30.170.250
lastlocation:
  world: world
  x: 1892.6097320352872
  y: 67.0
  z: 267.30124014339685
  yaw: 342.01282
  pitch: 32.100018
logoutlocation:
  world: world
  x: 1888.2408135976386
  y: 72.0
  z: 245.227973852849
  yaw: 39.303596
  pitch: 24.750177
homes:
  home:
    world: world_the_end
    x: 43.61698886803077
    y: 57.0
    z: -120.52231217266169
    yaw: 48.600113
    pitch: 13.349999
  dominik:
    world: world
    x: 231.1924742098412
    y: 63.0
    z: -2626.17873117817
    yaw: -48.20734
    pitch: 30.60011
  vesnice:
    world: world
    x: 1889.6501018717395
    y: 72.0
    z: 239.96448795269822
    yaw: 56.253662
    pitch: 16.500135
afk: false
