lastAccountName: Dominik
timestamps:
  login: 1605639054167
  logout: 1605610977121
  lastteleport: 1605608908381
ipAddress: 88.101.244.93
lastlocation:
  world: world
  x: 31.390833488559487
  y: 40.875
  z: -467.932853933522
  yaw: 54.451294
  pitch: 17.40019
logoutlocation:
  world: world
  x: -39.671880314906744
  y: 74.0
  z: 120.10821210196325
  yaw: 86.370514
  pitch: -41.70003
homes:
  home:
    world: world
    x: -1991.5
    y: 64.0
    z: 752.5
    yaw: 175.61658
    pitch: 24.284124
  dominik:
    world: world
    x: -18.20566057871821
    y: 65.0
    z: 376.3124385047799
    yaw: 41.99478
    pitch: 8.849822
  vesnice:
    world: world
    x: 292.74260914830995
    y: 70.0
    z: 21.172796751615767
    yaw: 130.69196
    pitch: 13.049802
afk: false
