lastAccountName: Dominik
timestamps:
  login: 1615834865736
  logout: 1615842366112
  lastteleport: 1615842278674
ipAddress: 31.30.170.250
lastlocation:
  world: world
  x: -65.71214445147618
  y: 70.0
  z: 14.166880680087814
  yaw: -123.483185
  pitch: -1.2000453
logoutlocation:
  world: world
  x: 221.98539710435185
  y: 69.0
  z: -2621.063764717981
  yaw: 269.3426
  pitch: 16.650112
homes:
  home:
    world: world
    x: -128.40818300153956
    y: 71.0
    z: 35.162422794611786
    yaw: 83.216
    pitch: 23.24994
  dominik:
    world: world
    x: 231.1924742098412
    y: 63.0
    z: -2626.17873117817
    yaw: -48.20734
    pitch: 30.60011
  vesnice:
    world: world
    x: 292.74260914830995
    y: 70.0
    z: 21.172796751615767
    yaw: 130.69196
    pitch: 13.049802
afk: false
