lastAccountName: Dominik
timestamps:
  login: 1627334890269
  logout: 1627334901072
  lastteleport: 1627334897115
ipAddress: 31.30.165.90
lastlocation:
  world: world_1.17
  x: 121.23253532253779
  y: 53.72155657228432
  z: 26.48684212100972
  yaw: 177.24146
  pitch: 56.84987
logoutlocation:
  world: world_1.17
  x: -389.564932965987
  y: 75.0
  z: -821.2057009201918
  yaw: 40.499516
  pitch: 15.750018
homes:
  centrum:
    world: world_1.17
    x: 104.5
    y: 73.0
    z: -19.5
    yaw: 1.1282654
    pitch: 12.599962
  kostlivci:
    world: world_1.17
    x: -219.87230591800144
    y: 29.0
    z: -726.0987325263345
    yaw: 19.202515
    pitch: 28.049736
  home:
    world: world_1.17
    x: -387.64299497831485
    y: 78.0
    z: -822.2951398096492
    yaw: 60.599533
    pitch: 37.200012
afk: false
