lastAccountName: Dominik
timestamps:
  login: 1605902608836
  logout: 1605823377549
  lastteleport: 1605905226960
ipAddress: 88.101.244.93
lastlocation:
  world: world
  x: -355.6293209261544
  y: 68.0
  z: 2.6999999880790715
  yaw: 87.26767
  pitch: 12.899634
logoutlocation:
  world: world
  x: -105.12621834516715
  y: 71.0
  z: 73.90578449316641
  yaw: 199.97162
  pitch: -5.850222
homes:
  home:
    world: world
    x: -1991.5
    y: 64.0
    z: 752.5
    yaw: 175.61658
    pitch: 24.284124
  dominik:
    world: world
    x: -18.20566057871821
    y: 65.0
    z: 376.3124385047799
    yaw: 41.99478
    pitch: 8.849822
  vesnice:
    world: world
    x: 292.74260914830995
    y: 70.0
    z: 21.172796751615767
    yaw: 130.69196
    pitch: 13.049802
afk: false
