lastAccountName: Dominik
timestamps:
  login: 1606772056081
  logout: 1606772049096
  lastteleport: 1606766888809
ipAddress: 88.101.244.93
lastlocation:
  world: world
  x: -133.30000001192093
  y: 46.0
  z: 57.45466703608592
  yaw: 124.167076
  pitch: 24.300072
logoutlocation:
  world: world
  x: 1127.8374623077793
  y: 103.47050940610616
  z: -1182.9506264652937
  yaw: 175.7898
  pitch: -17.700308
homes:
  home:
    world: world_the_end
    x: -3108.5046981138644
    y: 61.0
    z: -121.06420786736899
    yaw: 177.89172
    pitch: -45.750443
  dominik:
    world: world_the_end
    x: 48.62945449546231
    y: 1.0
    z: -296.8970391097254
    yaw: 171.00684
    pitch: 11.549791
  vesnice:
    world: world
    x: 292.74260914830995
    y: 70.0
    z: 21.172796751615767
    yaw: 130.69196
    pitch: 13.049802
afk: false
