lastAccountName: Dominik
timestamps:
  login: 1606581574746
  logout: 1606592250558
  lastteleport: 1606591807918
ipAddress: 88.101.244.93
lastlocation:
  world: world
  x: -1646.2840781996792
  y: 80.0
  z: 3930.896961585548
  yaw: -167.73454
  pitch: -5.550309
logoutlocation:
  world: world
  x: -40.509066186110346
  y: 69.0
  z: 105.6730021061104
  yaw: -100.98329
  pitch: 9.749853
homes:
  home:
    world: world_the_end
    x: -3108.5046981138644
    y: 61.0
    z: -121.06420786736899
    yaw: 177.89172
    pitch: -45.750443
  dominik:
    world: world
    x: -3139.1587700208515
    y: 69.0
    z: 4001.182717481957
    yaw: 109.765015
    pitch: 10.499767
  vesnice:
    world: world
    x: 292.74260914830995
    y: 70.0
    z: 21.172796751615767
    yaw: 130.69196
    pitch: 13.049802
afk: false
