lastAccountName: Dominik
timestamps:
  login: 1627325422664
  logout: 1627245935971
  lastteleport: 1627330686998
ipAddress: 31.30.165.90
lastlocation:
  world: world_1.17
  x: -390.7538034557286
  y: 75.875
  z: -828.7233116964961
  yaw: -41.550354
  pitch: 10.499947
logoutlocation:
  world: world_1.17
  x: -383.80065415089035
  y: 75.0
  z: -812.3040680980149
  yaw: -53.70048
  pitch: 4.3500147
homes:
  centrum:
    world: world_1.17
    x: 104.5
    y: 73.0
    z: -19.5
    yaw: 1.1282654
    pitch: 12.599962
  kostlivci:
    world: world_1.17
    x: -219.87230591800144
    y: 29.0
    z: -726.0987325263345
    yaw: 19.202515
    pitch: 28.049736
  home:
    world: world_1.17
    x: -387.64299497831485
    y: 78.0
    z: -822.2951398096492
    yaw: 60.599533
    pitch: 37.200012
afk: false
