lastAccountName: Dominik
timestamps:
  login: 1627073650275
  logout: 1627064301664
  lastteleport: 1627074554964
ipAddress: 31.30.165.90
lastlocation:
  world: world_1.17_nether
  x: -13.123466458481289
  y: 53.0
  z: -43.196583558272884
  yaw: 178.04941
  pitch: 17.399963
logoutlocation:
  world: world_1.17
  x: -389.00926023514455
  y: 78.5625
  z: -840.159434679841
  yaw: 55.949398
  pitch: 17.850033
homes:
  centrum:
    world: world_1.17
    x: 104.5
    y: 73.0
    z: -19.5
    yaw: 1.1282654
    pitch: 12.599962
  kostlivci:
    world: world_1.17
    x: -219.87230591800144
    y: 29.0
    z: -726.0987325263345
    yaw: 19.202515
    pitch: 28.049736
  home:
    world: world_1.17
    x: -387.64299497831485
    y: 78.0
    z: -822.2951398096492
    yaw: 60.599533
    pitch: 37.200012
afk: false
