lastAccountName: Dominik
timestamps:
  login: 1609787275603
  logout: 1609782849247
  lastteleport: 1609790509195
ipAddress: 88.101.244.93
lastlocation:
  world: world_nether
  x: -364.0891466530775
  y: 45.0
  z: -42.32152853236606
  yaw: -57.600574
  pitch: 26.550009
logoutlocation:
  world: world
  x: -128.46435329497513
  y: 65.0
  z: 30.062785039703336
  yaw: -5.9992204
  pitch: -3.7500513
homes:
  home:
    world: world_the_end
    x: -3108.5046981138644
    y: 61.0
    z: -121.06420786736899
    yaw: 177.89172
    pitch: -45.750443
  dominik:
    world: world_the_end
    x: 48.62945449546231
    y: 1.0
    z: -296.8970391097254
    yaw: 171.00684
    pitch: 11.549791
  vesnice:
    world: world
    x: 292.74260914830995
    y: 70.0
    z: 21.172796751615767
    yaw: 130.69196
    pitch: 13.049802
afk: false
