lastAccountName: Dominik
timestamps:
  login: 1605985797178
  logout: 1605985286641
  lastteleport: 1605988684902
ipAddress: 88.101.244.93
lastlocation:
  world: world
  x: -93.69999998807907
  y: 26.0
  z: -5.208561004964089
  yaw: -260.3743
  pitch: -9.600162
logoutlocation:
  world: world
  x: -2053.979504215077
  y: 77.5
  z: 709.4720272111159
  yaw: 170.96637
  pitch: 36.584023
homes:
  home:
    world: world
    x: -1991.5
    y: 64.0
    z: 752.5
    yaw: 175.61658
    pitch: 24.284124
  dominik:
    world: world_nether
    x: 86.08552483772309
    y: 83.875
    z: -641.6954281189015
    yaw: 201.1189
    pitch: 25.050623
  vesnice:
    world: world
    x: 292.74260914830995
    y: 70.0
    z: 21.172796751615767
    yaw: 130.69196
    pitch: 13.049802
afk: false
