lastAccountName: Dominik
timestamps:
  login: 1609346403331
  logout: 1609350856843
  lastteleport: 1609349491674
ipAddress: 88.101.244.93
lastlocation:
  world: world_nether
  x: 148.30000001192093
  y: 45.0
  z: -52.41305361880172
  yaw: 169.54797
  pitch: 37.34954
logoutlocation:
  world: world
  x: -137.3693995493562
  y: 67.0
  z: 12.85618637666797
  yaw: 178.26904
  pitch: 1.6499556
homes:
  home:
    world: world_the_end
    x: -3108.5046981138644
    y: 61.0
    z: -121.06420786736899
    yaw: 177.89172
    pitch: -45.750443
  dominik:
    world: world_the_end
    x: 48.62945449546231
    y: 1.0
    z: -296.8970391097254
    yaw: 171.00684
    pitch: 11.549791
  vesnice:
    world: world
    x: 292.74260914830995
    y: 70.0
    z: 21.172796751615767
    yaw: 130.69196
    pitch: 13.049802
afk: false
