lastAccountName: Dominik
timestamps:
  login: 1610284718147
  logout: 1610285184992
  lastteleport: 1610284435416
ipAddress: 88.101.244.93
lastlocation:
  world: world
  x: -2043.0416891814057
  y: 70.0
  z: 735.8531055549819
  yaw: 261.30658
  pitch: 10.499628
logoutlocation:
  world: world
  x: -56.05000001192092
  y: 112.0
  z: 117.69999998807907
  yaw: -196.3555
  pitch: 34.49994
homes:
  home:
    world: world_the_end
    x: -3108.5046981138644
    y: 61.0
    z: -121.06420786736899
    yaw: 177.89172
    pitch: -45.750443
  dominik:
    world: world_the_end
    x: 48.62945449546231
    y: 1.0
    z: -296.8970391097254
    yaw: 171.00684
    pitch: 11.549791
  vesnice:
    world: world
    x: 292.74260914830995
    y: 70.0
    z: 21.172796751615767
    yaw: 130.69196
    pitch: 13.049802
afk: false
