lastAccountName: Dominik
timestamps:
  login: 1605907268275
  logout: 1605907260604
  lastteleport: 1605909617467
ipAddress: 88.101.244.93
lastlocation:
  world: world
  x: -2063.8162626152434
  y: 70.0
  z: 749.9861356337559
  yaw: -178.50159
  pitch: 2.3998222
logoutlocation:
  world: world
  x: -86.6906621935383
  y: 70.0
  z: 9.544458352246954
  yaw: -87.33264
  pitch: 13.799644
homes:
  home:
    world: world
    x: -1991.5
    y: 64.0
    z: 752.5
    yaw: 175.61658
    pitch: 24.284124
  dominik:
    world: world_nether
    x: 86.08552483772309
    y: 83.875
    z: -641.6954281189015
    yaw: 201.1189
    pitch: 25.050623
  vesnice:
    world: world
    x: 292.74260914830995
    y: 70.0
    z: 21.172796751615767
    yaw: 130.69196
    pitch: 13.049802
afk: false
