lastAccountName: Dominik
timestamps:
  login: 1608142197271
  logout: 1607863473977
  lastteleport: 1608145654503
ipAddress: 88.101.244.93
lastlocation:
  world: world_the_end
  x: 48.19475502563135
  y: 1.0
  z: -295.45384663126
  yaw: 15.757751
  pitch: 24.899773
logoutlocation:
  world: world
  x: -1.690131098281059
  y: 94.0
  z: 105.29680207153453
  yaw: 118.731445
  pitch: 0.7504732
homes:
  home:
    world: world_the_end
    x: -3108.5046981138644
    y: 61.0
    z: -121.06420786736899
    yaw: 177.89172
    pitch: -45.750443
  dominik:
    world: world_the_end
    x: 48.62945449546231
    y: 1.0
    z: -296.8970391097254
    yaw: 171.00684
    pitch: 11.549791
  vesnice:
    world: world
    x: 292.74260914830995
    y: 70.0
    z: 21.172796751615767
    yaw: 130.69196
    pitch: 13.049802
afk: false
