lastAccountName: Dominik
timestamps:
  login: 1629144672831
  logout: 1629063297377
  lastteleport: 1629063035391
ipAddress: 31.30.165.90
lastlocation:
  world: world_1.17_nether
  x: -12.31409495932099
  y: 117.0
  z: -1.4921978058951242
  yaw: 89.54877
  pitch: 15.299962
logoutlocation:
  world: world_1.17
  x: -483.4440834944518
  y: 67.0
  z: -837.6963763293885
  yaw: -179.54994
  pitch: 9.149998
homes:
  kostlivci:
    world: world_1.17
    x: -219.87230591800144
    y: 29.0
    z: -726.0987325263345
    yaw: 19.202515
    pitch: 28.049736
  home:
    world: world_1.17
    x: -387.64299497831485
    y: 78.0
    z: -822.2951398096492
    yaw: 60.599533
    pitch: 37.200012
  ob:
    world: world_1.17
    x: 79.86731129332537
    y: 64.0
    z: -25.17241767975203
    yaw: -146.70143
    pitch: 29.849949
afk: false
