lastAccountName: Dominik
timestamps:
  login: 1618160213573
  logout: 1618162872805
  lastteleport: 1618162703721
ipAddress: 31.30.170.250
lastlocation:
  world: world
  x: -23.145355468949422
  y: 68.5
  z: 103.34436399897453
  yaw: 85.61841
  pitch: 20.849983
logoutlocation:
  world: world
  x: 273.8011231230558
  y: 64.0
  z: -2577.759098326334
  yaw: 181.29185
  pitch: 15.150064
homes:
  home:
    world: world_the_end
    x: 43.61698886803077
    y: 57.0
    z: -120.52231217266169
    yaw: 48.600113
    pitch: 13.349999
  dominik:
    world: world
    x: 231.1924742098412
    y: 63.0
    z: -2626.17873117817
    yaw: -48.20734
    pitch: 30.60011
  vesnice:
    world: world
    x: 1889.6501018717395
    y: 72.0
    z: 239.96448795269822
    yaw: 56.253662
    pitch: 16.500135
afk: false
