lastAccountName: Dominik
timestamps:
  login: 1607106345184
  logout: 1606940108097
  lastteleport: 1607108191325
ipAddress: 88.101.244.93
lastlocation:
  world: world
  x: -90.4189267366325
  y: 64.0
  z: 10.699999988079073
  yaw: 234.23877
  pitch: -57.300106
logoutlocation:
  world: world
  x: -45.85113861481953
  y: 69.0
  z: 107.00523005897345
  yaw: 283.2256
  pitch: 17.999678
homes:
  home:
    world: world_the_end
    x: -3108.5046981138644
    y: 61.0
    z: -121.06420786736899
    yaw: 177.89172
    pitch: -45.750443
  dominik:
    world: world_the_end
    x: 48.62945449546231
    y: 1.0
    z: -296.8970391097254
    yaw: 171.00684
    pitch: 11.549791
  vesnice:
    world: world
    x: 292.74260914830995
    y: 70.0
    z: 21.172796751615767
    yaw: 130.69196
    pitch: 13.049802
afk: false
