lastAccountName: Dominik
timestamps:
  login: 1606600990231
  logout: 1606605941040
  lastteleport: 1606605731138
ipAddress: 88.101.244.93
lastlocation:
  world: world
  x: -321.69999998807907
  y: 53.0
  z: 563.9903912072594
  yaw: -2.8860474
  pitch: 25.80032
logoutlocation:
  world: world
  x: -23.149151456829017
  y: 68.5
  z: 104.98036695700463
  yaw: 268.9505
  pitch: 17.550049
homes:
  home:
    world: world_the_end
    x: -3108.5046981138644
    y: 61.0
    z: -121.06420786736899
    yaw: 177.89172
    pitch: -45.750443
  dominik:
    world: world_the_end
    x: 48.62945449546231
    y: 1.0
    z: -296.8970391097254
    yaw: 171.00684
    pitch: 11.549791
  vesnice:
    world: world
    x: 292.74260914830995
    y: 70.0
    z: 21.172796751615767
    yaw: 130.69196
    pitch: 13.049802
afk: false
