lastAccountName: Dominik
timestamps:
  login: 1634991900527
  logout: 1634993718479
  lastteleport: 1634993681701
ipAddress: 88.101.164.176
lastlocation:
  world: world_1.17
  x: 79.56349726167313
  y: 58.0
  z: -470.5167716706523
  yaw: 176.02141
  pitch: 31.350037
logoutlocation:
  world: world_1.17
  x: -472.0117801674824
  y: 67.0
  z: -849.951054544945
  yaw: 153.89955
  pitch: 14.2500105
homes:
  kostlivci:
    world: world_1.17
    x: -219.87230591800144
    y: 29.0
    z: -726.0987325263345
    yaw: 19.202515
    pitch: 28.049736
  home:
    world: world_1.17
    x: -387.64299497831485
    y: 78.0
    z: -822.2951398096492
    yaw: 60.599533
    pitch: 37.200012
  ob:
    world: world_1.17
    x: 79.86731129332537
    y: 64.0
    z: -25.17241767975203
    yaw: -146.70143
    pitch: 29.849949
afk: false
