lastAccountName: Dominik
timestamps:
  login: 1609696333660
  logout: 1609701923293
  lastteleport: 1609701138568
ipAddress: 88.101.244.93
lastlocation:
  world: world_nether
  x: -434.69999998807907
  y: 73.0
  z: -39.351116128343115
  yaw: 156.11691
  pitch: 6.5997963
logoutlocation:
  world: world
  x: -115.76574480019146
  y: 81.5
  z: 52.32351718941378
  yaw: 159.59027
  pitch: 31.199566
homes:
  home:
    world: world_the_end
    x: -3108.5046981138644
    y: 61.0
    z: -121.06420786736899
    yaw: 177.89172
    pitch: -45.750443
  dominik:
    world: world_the_end
    x: 48.62945449546231
    y: 1.0
    z: -296.8970391097254
    yaw: 171.00684
    pitch: 11.549791
  vesnice:
    world: world
    x: 292.74260914830995
    y: 70.0
    z: 21.172796751615767
    yaw: 130.69196
    pitch: 13.049802
afk: false
