lastAccountName: Dominik
timestamps:
  login: 1609410576203
  logout: 1609413911689
  lastteleport: 1609411684554
ipAddress: 88.101.244.93
lastlocation:
  world: world_the_end
  x: 48.5
  y: 1.0
  z: -296.5
  yaw: 171.00684
  pitch: 11.549791
logoutlocation:
  world: world
  x: 83.86945511685128
  y: 68.0
  z: -6.437227702821922
  yaw: 26.099335
  pitch: 21.449963
homes:
  home:
    world: world_the_end
    x: -3108.5046981138644
    y: 61.0
    z: -121.06420786736899
    yaw: 177.89172
    pitch: -45.750443
  dominik:
    world: world_the_end
    x: 48.62945449546231
    y: 1.0
    z: -296.8970391097254
    yaw: 171.00684
    pitch: 11.549791
  vesnice:
    world: world
    x: 292.74260914830995
    y: 70.0
    z: 21.172796751615767
    yaw: 130.69196
    pitch: 13.049802
afk: false
