lastAccountName: Dominik
timestamps:
  login: 1611085227552
  logout: 1611090222433
  lastteleport: 1611090146488
ipAddress: 88.101.244.93
lastlocation:
  world: world
  x: -106.25647664140907
  y: 65.0
  z: 48.49133073487529
  yaw: 351.60223
  pitch: 16.199827
logoutlocation:
  world: world
  x: -128.45062648106
  y: 71.0
  z: 34.73174456465019
  yaw: -88.80004
  pitch: 9.600004
homes:
  home:
    world: world
    x: -128.40818300153956
    y: 71.0
    z: 35.162422794611786
    yaw: 83.216
    pitch: 23.24994
  dominik:
    world: world_the_end
    x: 48.62945449546231
    y: 1.0
    z: -296.8970391097254
    yaw: 171.00684
    pitch: 11.549791
  vesnice:
    world: world
    x: 292.74260914830995
    y: 70.0
    z: 21.172796751615767
    yaw: 130.69196
    pitch: 13.049802
afk: false
