timestamps:
  login: 1644678841199
  logout: 1644682604203
  lastteleport: 1644681025148
  lastheal: 0
  mute: 0
  jail: 0
  onlinejail: 0
lastlocation:
  world: 5e52e54b-69fd-4280-ae27-5dabf3e709a5
  x: -151.87924667741981
  y: 90.0
  z: -1873.7388895503445
  yaw: 31.160736083984375
  pitch: 22.050016403198242
  world-name: world_1.17
logoutlocation:
  world: 5e52e54b-69fd-4280-ae27-5dabf3e709a5
  x: -454.1296841473892
  y: 64.0
  z: -836.6062520661867
  yaw: -112.80361938476562
  pitch: 16.950000762939453
  world-name: world_1.17
homes:
  kostlivci:
    world: 5e52e54b-69fd-4280-ae27-5dabf3e709a5
    x: -219.87230591800144
    y: 29.0
    z: -726.0987325263345
    yaw: 19.2025146484375
    pitch: 28.04973602294922
    world-name: world_1.17
  home:
    world: 5e52e54b-69fd-4280-ae27-5dabf3e709a5
    x: -387.64299497831485
    y: 78.0
    z: -822.2951398096492
    yaw: 60.59953308105469
    pitch: 37.20001220703125
    world-name: world_1.17
  pis:
    world: 5e52e54b-69fd-4280-ae27-5dabf3e709a5
    world-name: world_1.17
    x: -308.0980062945012
    y: 68.0
    z: -1824.5411191977278
    yaw: -41.58635711669922
    pitch: 29.249845504760742
afk: false
ip-address: 88.101.164.176
last-account-name: Dominik
teleportenabled: true
teleportauto: false
godmode: false
muted: false
jailed: false
socialspy: false
npc: false
powertoolsenabled: true
accepting-pay: true
baltop-exempt: false
money: '0'
