lastAccountName: Dominik
timestamps:
  login: 1628267301062
  logout: 1628270610127
  lastteleport: 1628270557258
ipAddress: 31.30.165.90
lastlocation:
  world: world_1.17
  x: -193.69999998807907
  y: 11.0
  z: -619.0830561843004
  yaw: -178.79883
  pitch: 39.44992
logoutlocation:
  world: world_1.17
  x: -393.5
  y: 75.0
  z: -827.5
  yaw: 86.39999
  pitch: -1.0500002
homes:
  kostlivci:
    world: world_1.17
    x: -219.87230591800144
    y: 29.0
    z: -726.0987325263345
    yaw: 19.202515
    pitch: 28.049736
  home:
    world: world_1.17
    x: -387.64299497831485
    y: 78.0
    z: -822.2951398096492
    yaw: 60.599533
    pitch: 37.200012
  ob:
    world: world_1.17
    x: 79.86731129332537
    y: 64.0
    z: -25.17241767975203
    yaw: -146.70143
    pitch: 29.849949
afk: false
