lastAccountName: Dominik
timestamps:
  login: 1626886928841
  logout: 1626904291355
  lastteleport: 1626904210862
ipAddress: 31.30.165.90
lastlocation:
  world: world_1.17
  x: 109.5021643007897
  y: 51.0
  z: -474.2209341294033
  yaw: -163.15149
  pitch: 10.349758
logoutlocation:
  world: world_1.17
  x: -387.64299497831485
  y: 78.0
  z: -822.2951398096492
  yaw: 49.799534
  pitch: 7.6500154
homes:
  centrum:
    world: world_1.17
    x: 104.5
    y: 73.0
    z: -19.5
    yaw: 1.1282654
    pitch: 12.599962
  kostlivci:
    world: world_1.17
    x: -219.87230591800144
    y: 29.0
    z: -726.0987325263345
    yaw: 19.202515
    pitch: 28.049736
  home:
    world: world_1.17
    x: -387.64299497831485
    y: 78.0
    z: -822.2951398096492
    yaw: 60.599533
    pitch: 37.200012
afk: false
