lastAccountName: Dominik
timestamps:
  login: 1627926155917
  logout: 1627845827830
  lastteleport: 1627935803491
ipAddress: 31.30.165.90
lastlocation:
  world: world_1.17
  x: -196.6643716617368
  y: 11.0
  z: -662.2647756719374
  yaw: 179.2959
  pitch: 10.349226
logoutlocation:
  world: world_1.17
  x: 775.7102312359219
  y: 69.55000001192093
  z: 934.1140825128283
  yaw: -159.82512
  pitch: 24.750044
homes:
  centrum:
    world: world_1.17
    x: 104.5
    y: 73.0
    z: -19.5
    yaw: 1.1282654
    pitch: 12.599962
  kostlivci:
    world: world_1.17
    x: -219.87230591800144
    y: 29.0
    z: -726.0987325263345
    yaw: 19.202515
    pitch: 28.049736
  home:
    world: world_1.17
    x: -387.64299497831485
    y: 78.0
    z: -822.2951398096492
    yaw: 60.599533
    pitch: 37.200012
afk: false
