lastAccountName: Dominik
timestamps:
  login: 1641075164909
  logout: 1641079237082
  lastteleport: 1641078736552
ipAddress: 88.101.164.176
lastlocation:
  world: world_1.17
  x: -219.250060685478
  y: 29.0
  z: -724.1792884900228
  yaw: 137.25208
  pitch: 20.54974
logoutlocation:
  world: world_1.17
  x: -458.7052476046199
  y: 64.0
  z: -860.1401206412124
  yaw: -3.440918
  pitch: 11.999682
homes:
  kostlivci:
    world: world_1.17
    x: -219.87230591800144
    y: 29.0
    z: -726.0987325263345
    yaw: 19.202515
    pitch: 28.049736
  home:
    world: world_1.17
    x: -387.64299497831485
    y: 78.0
    z: -822.2951398096492
    yaw: 60.599533
    pitch: 37.200012
  ob:
    world: world_1.17
    x: 79.86731129332537
    y: 64.0
    z: -25.17241767975203
    yaw: -146.70143
    pitch: 29.849949
afk: false
