lastAccountName: Dominik
timestamps:
  login: 1610901838528
  logout: 1610826160998
  lastteleport: 1610903681085
ipAddress: 88.101.244.93
lastlocation:
  world: world
  x: -66.17801081698315
  y: 64.5
  z: 68.79655101389379
  yaw: 100.16317
  pitch: 10.649899
logoutlocation:
  world: world
  x: -54.99111753691036
  y: 80.5
  z: 90.72195640651626
  yaw: 177.44624
  pitch: 17.10002
homes:
  home:
    world: world
    x: 1857.084546299524
    y: 63.0
    z: 249.01714843857266
    yaw: 83.402855
    pitch: -16.649729
  dominik:
    world: world_the_end
    x: 48.62945449546231
    y: 1.0
    z: -296.8970391097254
    yaw: 171.00684
    pitch: 11.549791
  vesnice:
    world: world
    x: 292.74260914830995
    y: 70.0
    z: 21.172796751615767
    yaw: 130.69196
    pitch: 13.049802
afk: false
