lastAccountName: Dominik
timestamps:
  login: 1606772056081
  logout: 1606773889048
  lastteleport: 1606773224265
ipAddress: 88.101.244.93
lastlocation:
  world: world
  x: 1451.9647147847556
  y: 46.10455726931788
  z: -1275.5393182405614
  yaw: 42.41162
  pitch: -19.200352
logoutlocation:
  world: world
  x: -53.94999998807907
  y: 102.0
  z: 114.30238080506139
  yaw: 172.61066
  pitch: 28.350107
homes:
  home:
    world: world_the_end
    x: -3108.5046981138644
    y: 61.0
    z: -121.06420786736899
    yaw: 177.89172
    pitch: -45.750443
  dominik:
    world: world_the_end
    x: 48.62945449546231
    y: 1.0
    z: -296.8970391097254
    yaw: 171.00684
    pitch: 11.549791
  vesnice:
    world: world
    x: 292.74260914830995
    y: 70.0
    z: 21.172796751615767
    yaw: 130.69196
    pitch: 13.049802
afk: false
