lastAccountName: Dominik
timestamps:
  login: 1608590331721
  logout: 1608592499715
  lastteleport: 1608145654503
ipAddress: 88.101.244.93
lastlocation:
  world: world_the_end
  x: 48.19475502563135
  y: 1.0
  z: -295.45384663126
  yaw: 15.757751
  pitch: 24.899773
logoutlocation:
  world: world
  x: -100.5080943158546
  y: 71.29002902489292
  z: 61.53231403271545
  yaw: 351.51337
  pitch: -3.300023
homes:
  home:
    world: world_the_end
    x: -3108.5046981138644
    y: 61.0
    z: -121.06420786736899
    yaw: 177.89172
    pitch: -45.750443
  dominik:
    world: world_the_end
    x: 48.62945449546231
    y: 1.0
    z: -296.8970391097254
    yaw: 171.00684
    pitch: 11.549791
  vesnice:
    world: world
    x: 292.74260914830995
    y: 70.0
    z: 21.172796751615767
    yaw: 130.69196
    pitch: 13.049802
afk: false
