lastAccountName: Dominik
timestamps:
  login: 1640630131385
  logout: 1640639444345
  lastteleport: 1640638332288
ipAddress: 88.101.164.176
lastlocation:
  world: world_1.17
  x: -470.90593786327486
  y: 67.0
  z: -838.3211927391104
  yaw: -75.44299
  pitch: 19.049746
logoutlocation:
  world: world_1.17
  x: -482.9099445039276
  y: 67.0
  z: -853.432951378221
  yaw: -171.42389
  pitch: 14.849708
homes:
  kostlivci:
    world: world_1.17
    x: -219.87230591800144
    y: 29.0
    z: -726.0987325263345
    yaw: 19.202515
    pitch: 28.049736
  home:
    world: world_1.17
    x: -387.64299497831485
    y: 78.0
    z: -822.2951398096492
    yaw: 60.599533
    pitch: 37.200012
  ob:
    world: world_1.17
    x: 79.86731129332537
    y: 64.0
    z: -25.17241767975203
    yaw: -146.70143
    pitch: 29.849949
afk: false
