lastAccountName: Dominik
timestamps:
  login: 1611343553187
  logout: 1611346381801
  lastteleport: 1611346327371
ipAddress: 88.101.244.93
lastlocation:
  world: world
  x: 110.30000001192093
  y: 11.0
  z: -36.30000001192093
  yaw: -359.58484
  pitch: -0.60049146
logoutlocation:
  world: world
  x: -78.59839484235268
  y: 70.9375
  z: 74.19202585248428
  yaw: 181.19693
  pitch: 7.0500073
homes:
  home:
    world: world
    x: -128.40818300153956
    y: 71.0
    z: 35.162422794611786
    yaw: 83.216
    pitch: 23.24994
  dominik:
    world: world_the_end
    x: 48.62945449546231
    y: 1.0
    z: -296.8970391097254
    yaw: 171.00684
    pitch: 11.549791
  vesnice:
    world: world
    x: 292.74260914830995
    y: 70.0
    z: 21.172796751615767
    yaw: 130.69196
    pitch: 13.049802
afk: false
