lastAccountName: Dominik
timestamps:
  login: 1629027959284
  logout: 1629031444428
  lastteleport: 1629030940333
ipAddress: 31.30.165.90
lastlocation:
  world: world_1.17
  x: -438.37216141097565
  y: 64.0
  z: -826.1412782819812
  yaw: -68.84996
  pitch: 9.000085
logoutlocation:
  world: world_1.17
  x: -389.5
  y: 75.0
  z: -830.5
  yaw: 87.60007
  pitch: -3.599998
homes:
  kostlivci:
    world: world_1.17
    x: -219.87230591800144
    y: 29.0
    z: -726.0987325263345
    yaw: 19.202515
    pitch: 28.049736
  home:
    world: world_1.17
    x: -387.64299497831485
    y: 78.0
    z: -822.2951398096492
    yaw: 60.599533
    pitch: 37.200012
  ob:
    world: world_1.17
    x: 79.86731129332537
    y: 64.0
    z: -25.17241767975203
    yaw: -146.70143
    pitch: 29.849949
afk: false
