lastAccountName: Dominik
timestamps:
  login: 1609532085845
  logout: 1609535155943
  lastteleport: 1609534909142
ipAddress: 88.101.244.93
lastlocation:
  world: world_nether
  x: 150.12530446361086
  y: 60.0
  z: -665.6999999880791
  yaw: -88.65839
  pitch: 26.549599
logoutlocation:
  world: world
  x: -95.03897752444405
  y: 81.5
  z: 85.42711185503565
  yaw: 221.82288
  pitch: 17.849934
homes:
  home:
    world: world_the_end
    x: -3108.5046981138644
    y: 61.0
    z: -121.06420786736899
    yaw: 177.89172
    pitch: -45.750443
  dominik:
    world: world_the_end
    x: 48.62945449546231
    y: 1.0
    z: -296.8970391097254
    yaw: 171.00684
    pitch: 11.549791
  vesnice:
    world: world
    x: 292.74260914830995
    y: 70.0
    z: 21.172796751615767
    yaw: 130.69196
    pitch: 13.049802
afk: false
