lastAccountName: Dominik
timestamps:
  login: 1605985797178
  logout: 1606000839890
  lastteleport: 1605998020541
ipAddress: 88.101.244.93
lastlocation:
  world: world
  x: 294.3242876007551
  y: 70.0
  z: 48.005063214284306
  yaw: -172.30803
  pitch: 5.2497997
logoutlocation:
  world: world
  x: -69.88856835428066
  y: 69.9375
  z: 16.024268799879323
  yaw: 198.46942
  pitch: 2.3998578
homes:
  home:
    world: world
    x: -1991.5
    y: 64.0
    z: 752.5
    yaw: 175.61658
    pitch: 24.284124
  dominik:
    world: world
    x: -431.8973064816337
    y: 71.0
    z: 1766.215309932376
    yaw: -0.9496513
    pitch: 22.350142
  vesnice:
    world: world
    x: 292.74260914830995
    y: 70.0
    z: 21.172796751615767
    yaw: 130.69196
    pitch: 13.049802
afk: false
