lastAccountName: Dominik
timestamps:
  login: 1606060882294
  logout: 1606060812287
  lastteleport: 1606061115310
ipAddress: 88.101.244.93
lastlocation:
  world: world
  x: -18.69999998807907
  y: 68.0
  z: 98.30939536589864
  yaw: 103.34854
  pitch: 15.00015
logoutlocation:
  world: world
  x: -75.94941179994511
  y: 77.0
  z: -13.566983017106645
  yaw: 251.69998
  pitch: 16.04995
homes:
  home:
    world: world
    x: -1991.5
    y: 64.0
    z: 752.5
    yaw: 175.61658
    pitch: 24.284124
  dominik:
    world: world
    x: -431.8973064816337
    y: 71.0
    z: 1766.215309932376
    yaw: -0.9496513
    pitch: 22.350142
  vesnice:
    world: world
    x: 292.74260914830995
    y: 70.0
    z: 21.172796751615767
    yaw: 130.69196
    pitch: 13.049802
afk: false
