lastAccountName: Dominik
timestamps:
  login: 1606503749118
  logout: 1606330017237
  lastteleport: 1606327587126
ipAddress: 88.101.244.93
lastlocation:
  world: world_the_end
  x: -3108.5046981138644
  y: 61.0
  z: -121.06420786736899
  yaw: 177.89172
  pitch: -45.750443
logoutlocation:
  world: world
  x: -88.9746603657661
  y: 70.0
  z: 48.30902895474431
  yaw: 300.4151
  pitch: 30.90002
homes:
  home:
    world: world_the_end
    x: -3108.5046981138644
    y: 61.0
    z: -121.06420786736899
    yaw: 177.89172
    pitch: -45.750443
  dominik:
    world: world
    x: -3139.1587700208515
    y: 69.0
    z: 4001.182717481957
    yaw: 109.765015
    pitch: 10.499767
  vesnice:
    world: world
    x: 292.74260914830995
    y: 70.0
    z: 21.172796751615767
    yaw: 130.69196
    pitch: 13.049802
afk: false
