lastAccountName: Dominik
timestamps:
  login: 1607370433466
  logout: 1607265317521
  lastteleport: 1607204496634
ipAddress: 88.101.244.93
lastlocation:
  world: world
  x: -878.1573270579432
  y: 65.0
  z: 522.5711742650888
  yaw: 168.26837
  pitch: 11.850041
logoutlocation:
  world: world
  x: -112.50465934776517
  y: 70.0
  z: 92.47992586972074
  yaw: -156.60294
  pitch: 4.6498837
homes:
  home:
    world: world_the_end
    x: -3108.5046981138644
    y: 61.0
    z: -121.06420786736899
    yaw: 177.89172
    pitch: -45.750443
  dominik:
    world: world_the_end
    x: 48.62945449546231
    y: 1.0
    z: -296.8970391097254
    yaw: 171.00684
    pitch: 11.549791
  vesnice:
    world: world
    x: 292.74260914830995
    y: 70.0
    z: 21.172796751615767
    yaw: 130.69196
    pitch: 13.049802
afk: false
