lastAccountName: Dominik
timestamps:
  login: 1609800161753
  logout: 1609799890242
  lastteleport: 1609797812490
ipAddress: 88.101.244.93
lastlocation:
  world: world_nether
  x: -393.6595244495248
  y: 68.0
  z: -29.98344776532395
  yaw: -100.19788
  pitch: 11.849301
logoutlocation:
  world: world
  x: -116.61465101048309
  y: 70.5
  z: 43.69999998807907
  yaw: -97.80002
  pitch: 24.00001
homes:
  home:
    world: world_the_end
    x: -3108.5046981138644
    y: 61.0
    z: -121.06420786736899
    yaw: 177.89172
    pitch: -45.750443
  dominik:
    world: world_the_end
    x: 48.62945449546231
    y: 1.0
    z: -296.8970391097254
    yaw: 171.00684
    pitch: 11.549791
  vesnice:
    world: world
    x: 292.74260914830995
    y: 70.0
    z: 21.172796751615767
    yaw: 130.69196
    pitch: 13.049802
afk: false
