lastAccountName: Dominik
timestamps:
  login: 1609442178111
  logout: 1609435679441
  lastteleport: 1609443782221
ipAddress: 88.101.244.93
lastlocation:
  world: world
  x: 291.0785864961251
  y: 70.0
  z: 20.082601218656354
  yaw: 138.34192
  pitch: 14.8498
logoutlocation:
  world: world
  x: -82.02417395032901
  y: 69.0
  z: 27.816248532879623
  yaw: 173.96356
  pitch: 11.099787
homes:
  home:
    world: world_the_end
    x: -3108.5046981138644
    y: 61.0
    z: -121.06420786736899
    yaw: 177.89172
    pitch: -45.750443
  dominik:
    world: world_the_end
    x: 48.62945449546231
    y: 1.0
    z: -296.8970391097254
    yaw: 171.00684
    pitch: 11.549791
  vesnice:
    world: world
    x: 292.74260914830995
    y: 70.0
    z: 21.172796751615767
    yaw: 130.69196
    pitch: 13.049802
afk: false
