lastAccountName: Dominik
timestamps:
  login: 1629052288817
  logout: 1629053998878
  lastteleport: 1629053896524
ipAddress: 31.30.165.90
lastlocation:
  world: world_1.17
  x: -819.4981566251772
  y: 71.0
  z: -1031.3922958336866
  yaw: -110.70089
  pitch: 48.000134
logoutlocation:
  world: world_1.17
  x: -465.6637979799987
  y: 68.0
  z: -834.9732805173331
  yaw: -95.250786
  pitch: -2.5499966
homes:
  kostlivci:
    world: world_1.17
    x: -219.87230591800144
    y: 29.0
    z: -726.0987325263345
    yaw: 19.202515
    pitch: 28.049736
  home:
    world: world_1.17
    x: -387.64299497831485
    y: 78.0
    z: -822.2951398096492
    yaw: 60.599533
    pitch: 37.200012
  ob:
    world: world_1.17
    x: 79.86731129332537
    y: 64.0
    z: -25.17241767975203
    yaw: -146.70143
    pitch: 29.849949
afk: false
