lastAccountName: Dominik
timestamps:
  login: 1612623760136
  logout: 1612624114206
  lastteleport: 1612624072832
ipAddress: 147.32.96.50
lastlocation:
  world: world
  x: -55.30000001192093
  y: 52.5
  z: 71.56357138843993
  yaw: 279.94418
  pitch: -40.49991
logoutlocation:
  world: world
  x: -109.80138115052311
  y: 87.0
  z: 3.8552126938274665
  yaw: -347.43454
  pitch: 25.800072
homes:
  home:
    world: world
    x: -128.40818300153956
    y: 71.0
    z: 35.162422794611786
    yaw: 83.216
    pitch: 23.24994
  dominik:
    world: world_the_end
    x: 48.62945449546231
    y: 1.0
    z: -296.8970391097254
    yaw: 171.00684
    pitch: 11.549791
  vesnice:
    world: world
    x: 292.74260914830995
    y: 70.0
    z: 21.172796751615767
    yaw: 130.69196
    pitch: 13.049802
afk: false
