lastAccountName: Dominik
timestamps:
  login: 1627060838873
  logout: 1626985153938
  lastteleport: 1627063468949
ipAddress: 31.30.165.90
lastlocation:
  world: world_1.17
  x: 122.39006296086896
  y: 65.9375
  z: 8.602432033459875
  yaw: 163.42812
  pitch: 14.24986
logoutlocation:
  world: world_1.17
  x: -221.23925500154417
  y: 28.5
  z: -725.118416454609
  yaw: -80.74609
  pitch: 20.699987
homes:
  centrum:
    world: world_1.17
    x: 104.5
    y: 73.0
    z: -19.5
    yaw: 1.1282654
    pitch: 12.599962
  kostlivci:
    world: world_1.17
    x: -219.87230591800144
    y: 29.0
    z: -726.0987325263345
    yaw: 19.202515
    pitch: 28.049736
  home:
    world: world_1.17
    x: -387.64299497831485
    y: 78.0
    z: -822.2951398096492
    yaw: 60.599533
    pitch: 37.200012
afk: false
