lastAccountName: Dominik
timestamps:
  login: 1628800151668
  logout: 1628802612632
  lastteleport: 1628800887463
ipAddress: 31.30.165.90
lastlocation:
  world: world_1.17
  x: 77.95338829253278
  y: 64.0
  z: -25.71485022700336
  yaw: 87.59842
  pitch: 17.999956
logoutlocation:
  world: world_1.17
  x: -472.38024165960735
  y: 67.0
  z: -840.2512083676415
  yaw: -147.00061
  pitch: 12.899929
homes:
  kostlivci:
    world: world_1.17
    x: -219.87230591800144
    y: 29.0
    z: -726.0987325263345
    yaw: 19.202515
    pitch: 28.049736
  home:
    world: world_1.17
    x: -387.64299497831485
    y: 78.0
    z: -822.2951398096492
    yaw: 60.599533
    pitch: 37.200012
  ob:
    world: world_1.17
    x: 79.86731129332537
    y: 64.0
    z: -25.17241767975203
    yaw: -146.70143
    pitch: 29.849949
afk: false
