lastAccountName: Dominik
timestamps:
  login: 1640549633637
  logout: 1640551008632
  lastteleport: 1640550222176
ipAddress: 88.101.164.176
lastlocation:
  world: world_1.17
  x: -218.6016801232634
  y: 29.0
  z: -723.9312021200351
  yaw: -170.39697
  pitch: 36.449516
logoutlocation:
  world: world_1.17
  x: -466.4511335228745
  y: 67.0
  z: -837.4863184195111
  yaw: -95.25171
  pitch: 9.000057
homes:
  kostlivci:
    world: world_1.17
    x: -219.87230591800144
    y: 29.0
    z: -726.0987325263345
    yaw: 19.202515
    pitch: 28.049736
  home:
    world: world_1.17
    x: -387.64299497831485
    y: 78.0
    z: -822.2951398096492
    yaw: 60.599533
    pitch: 37.200012
  ob:
    world: world_1.17
    x: 79.86731129332537
    y: 64.0
    z: -25.17241767975203
    yaw: -146.70143
    pitch: 29.849949
afk: false
