lastAccountName: Dominik
timestamps:
  login: 1607810069522
  logout: 1607376134814
  lastteleport: 1607811870790
ipAddress: 88.101.244.93
lastlocation:
  world: world
  x: -155.5
  y: 86.0
  z: -44.5
  yaw: -90.0
  pitch: 0.0
logoutlocation:
  world: world
  x: -18.5
  y: 65.0
  z: 394.5
  yaw: -134.99998
  pitch: 0.0
homes:
  home:
    world: world_the_end
    x: -3108.5046981138644
    y: 61.0
    z: -121.06420786736899
    yaw: 177.89172
    pitch: -45.750443
  dominik:
    world: world_the_end
    x: 48.62945449546231
    y: 1.0
    z: -296.8970391097254
    yaw: 171.00684
    pitch: 11.549791
  vesnice:
    world: world
    x: 292.74260914830995
    y: 70.0
    z: 21.172796751615767
    yaw: 130.69196
    pitch: 13.049802
afk: false
