lastAccountName: Dominik
timestamps:
  login: 1609968411093
  logout: 1609968491447
  lastteleport: 1609968479365
ipAddress: 37.188.175.29
lastlocation:
  world: world_nether
  x: -5.002561309241859
  y: 85.0
  z: 372.09046355043233
  yaw: 55.034912
  pitch: 6.4500484
logoutlocation:
  world: world
  x: -107.61578904197522
  y: 71.0
  z: 16.606712208521984
  yaw: -318.48297
  pitch: 2.2499614
homes:
  home:
    world: world_the_end
    x: -3108.5046981138644
    y: 61.0
    z: -121.06420786736899
    yaw: 177.89172
    pitch: -45.750443
  dominik:
    world: world_the_end
    x: 48.62945449546231
    y: 1.0
    z: -296.8970391097254
    yaw: 171.00684
    pitch: 11.549791
  vesnice:
    world: world
    x: 292.74260914830995
    y: 70.0
    z: 21.172796751615767
    yaw: 130.69196
    pitch: 13.049802
afk: false
