lastAccountName: Dominik
timestamps:
  login: 1616349965473
  logout: 1616351579262
  lastteleport: 1616350078827
ipAddress: 31.30.170.250
lastlocation:
  world: world
  x: 225.53728365061505
  y: 11.0
  z: -2634.861342176047
  yaw: 14.942139
  pitch: 20.5502
logoutlocation:
  world: world
  x: -33.43842304593858
  y: 77.0
  z: 78.42390461164314
  yaw: 122.51709
  pitch: 31.94985
homes:
  home:
    world: world_the_end
    x: 43.61698886803077
    y: 57.0
    z: -120.52231217266169
    yaw: 48.600113
    pitch: 13.349999
  dominik:
    world: world
    x: 231.1924742098412
    y: 63.0
    z: -2626.17873117817
    yaw: -48.20734
    pitch: 30.60011
  vesnice:
    world: world
    x: 292.74260914830995
    y: 70.0
    z: 21.172796751615767
    yaw: 130.69196
    pitch: 13.049802
afk: false
