lastAccountName: Dominik
timestamps:
  login: 1615660504383
  logout: 1615632543055
  lastteleport: 1615663057307
ipAddress: 31.30.170.250
lastlocation:
  world: world
  x: -66.23448705084516
  y: 178.1246524057532
  z: 43.703175726959685
  yaw: 204.4444
  pitch: 35.550232
logoutlocation:
  world: world
  x: 226.36188343286685
  y: 11.0
  z: -2630.3537382477557
  yaw: -139.25783
  pitch: 17.550028
homes:
  home:
    world: world
    x: -128.40818300153956
    y: 71.0
    z: 35.162422794611786
    yaw: 83.216
    pitch: 23.24994
  dominik:
    world: world
    x: 231.1924742098412
    y: 63.0
    z: -2626.17873117817
    yaw: -48.20734
    pitch: 30.60011
  vesnice:
    world: world
    x: 292.74260914830995
    y: 70.0
    z: 21.172796751615767
    yaw: 130.69196
    pitch: 13.049802
afk: false
