lastAccountName: Dominik
timestamps:
  login: 1606243152236
  logout: 1606262506562
  lastteleport: 1606261359884
ipAddress: 88.101.244.93
lastlocation:
  world: world
  x: 286.26228542014593
  y: 70.0
  z: -3.484539311827102
  yaw: -169.90826
  pitch: 15.749779
logoutlocation:
  world: world
  x: -96.73758764406999
  y: 70.0
  z: 61.207270626105654
  yaw: 161.61987
  pitch: 2.0995266
homes:
  home:
    world: world
    x: -1991.5
    y: 64.0
    z: 752.5
    yaw: 175.61658
    pitch: 24.284124
  dominik:
    world: world
    x: -3139.1587700208515
    y: 69.0
    z: 4001.182717481957
    yaw: 109.765015
    pitch: 10.499767
  vesnice:
    world: world
    x: 292.74260914830995
    y: 70.0
    z: 21.172796751615767
    yaw: 130.69196
    pitch: 13.049802
afk: false
