lastAccountName: Dominik
timestamps:
  login: 1606581574746
  logout: 1606506931353
  lastteleport: 1606588638545
ipAddress: 88.101.244.93
lastlocation:
  world: world
  x: -36.74070939005896
  y: 64.0
  z: 151.54959019602637
  yaw: 65.5282
  pitch: 17.700022
logoutlocation:
  world: world
  x: -67.59308182959597
  y: 66.0
  z: 165.39561224422852
  yaw: -229.53589
  pitch: 6.299989
homes:
  home:
    world: world_the_end
    x: -3108.5046981138644
    y: 61.0
    z: -121.06420786736899
    yaw: 177.89172
    pitch: -45.750443
  dominik:
    world: world
    x: -3139.1587700208515
    y: 69.0
    z: 4001.182717481957
    yaw: 109.765015
    pitch: 10.499767
  vesnice:
    world: world
    x: 292.74260914830995
    y: 70.0
    z: 21.172796751615767
    yaw: 130.69196
    pitch: 13.049802
afk: false
