lastAccountName: Dominik
timestamps:
  login: 1641842107368
  logout: 1641844014302
  lastteleport: 1641842902708
ipAddress: 88.101.164.176
lastlocation:
  world: world_1.17_nether
  x: 3.8195816158585294
  y: 117.0
  z: -2.347080213132132
  yaw: -105.52325
  pitch: 6.899856
logoutlocation:
  world: world_1.17
  x: -390.6673178331077
  y: 75.0
  z: -811.8535505480957
  yaw: -135.1502
  pitch: 12.599983
homes:
  kostlivci:
    world: world_1.17
    x: -219.87230591800144
    y: 29.0
    z: -726.0987325263345
    yaw: 19.202515
    pitch: 28.049736
  home:
    world: world_1.17
    x: -387.64299497831485
    y: 78.0
    z: -822.2951398096492
    yaw: 60.599533
    pitch: 37.200012
  k:
    world: world_1.17_nether
    x: 5.218256493110905
    y: 117.5
    z: -2.7617011000485783
    yaw: -108.03888
    pitch: -9.900108
afk: false
