timestamps:
  login: 1644529311088
  logout: 1644533383503
  lastteleport: 1644533358424
  lastheal: 0
  mute: 0
  jail: 0
  onlinejail: 0
lastlocation:
  world: 5e52e54b-69fd-4280-ae27-5dabf3e709a5
  x: -927.3245000631215
  y: -12.0
  z: -1838.300000011921
  yaw: 32.932373046875
  pitch: -5.549976825714111
  world-name: world_1.17
logoutlocation:
  world: 5e52e54b-69fd-4280-ae27-5dabf3e709a5
  x: -395.2328612151204
  y: 75.0
  z: -823.5489631327245
  yaw: 62.99969482421875
  pitch: 9.299996376037598
  world-name: world_1.17
homes:
  kostlivci:
    world: 5e52e54b-69fd-4280-ae27-5dabf3e709a5
    x: -219.87230591800144
    y: 29.0
    z: -726.0987325263345
    yaw: 19.2025146484375
    pitch: 28.04973602294922
    world-name: world_1.17
  home:
    world: 5e52e54b-69fd-4280-ae27-5dabf3e709a5
    x: -387.64299497831485
    y: 78.0
    z: -822.2951398096492
    yaw: 60.59953308105469
    pitch: 37.20001220703125
    world-name: world_1.17
  k:
    world: 3a2fbc93-1d4c-4ec0-98d1-6263e95420c4
    x: 5.218256493110905
    y: 117.5
    z: -2.7617011000485783
    yaw: -108.03887939453125
    pitch: -9.900108337402344
    world-name: world_1.17_nether
afk: false
ip-address: 88.101.164.176
last-account-name: Dominik
teleportenabled: true
teleportauto: false
godmode: false
muted: false
jailed: false
socialspy: false
npc: false
powertoolsenabled: true
accepting-pay: true
baltop-exempt: false
money: '0'
