lastAccountName: Dominik
timestamps:
  login: 1610281385536
  logout: 1610279792443
  lastteleport: 1610234480694
ipAddress: 88.101.244.93
lastlocation:
  world: world_nether
  x: -1546.01547648626
  y: 45.0
  z: -3599.4509033859604
  yaw: -22.639496
  pitch: 28.500439
logoutlocation:
  world: world
  x: -120.43773942015699
  y: 65.0
  z: 34.4493215293146
  yaw: 240.14992
  pitch: 15.450127
homes:
  home:
    world: world_the_end
    x: -3108.5046981138644
    y: 61.0
    z: -121.06420786736899
    yaw: 177.89172
    pitch: -45.750443
  dominik:
    world: world_the_end
    x: 48.62945449546231
    y: 1.0
    z: -296.8970391097254
    yaw: 171.00684
    pitch: 11.549791
  vesnice:
    world: world
    x: 292.74260914830995
    y: 70.0
    z: 21.172796751615767
    yaw: 130.69196
    pitch: 13.049802
afk: false
