lastAccountName: Dominik
timestamps:
  login: 1610565174505
  logout: 1610571001457
  lastteleport: 1610570992901
ipAddress: 88.101.244.93
lastlocation:
  world: world
  x: 1868.030854154795
  y: 72.0
  z: 272.8272698530774
  yaw: 204.14917
  pitch: 6.7516108
logoutlocation:
  world: world
  x: -99.18246816471434
  y: 69.0
  z: 34.26125826636084
  yaw: -203.13377
  pitch: 8.099973
homes:
  home:
    world: world
    x: 1857.084546299524
    y: 63.0
    z: 249.01714843857266
    yaw: 83.402855
    pitch: -16.649729
  dominik:
    world: world_the_end
    x: 48.62945449546231
    y: 1.0
    z: -296.8970391097254
    yaw: 171.00684
    pitch: 11.549791
  vesnice:
    world: world
    x: 292.74260914830995
    y: 70.0
    z: 21.172796751615767
    yaw: 130.69196
    pitch: 13.049802
afk: false
