lastAccountName: Dominik
timestamps:
  login: 1616270677801
  logout: 1616275200903
  lastteleport: 1616275107412
ipAddress: 31.30.170.250
lastlocation:
  world: world
  x: 225.4916313546048
  y: 11.0
  z: -2634.9496010414027
  yaw: 11.806641
  pitch: 20.099804
logoutlocation:
  world: world
  x: 233.4068974566407
  y: 63.0
  z: -2632.6453246829783
  yaw: 58.742485
  pitch: 18.150158
homes:
  home:
    world: world_the_end
    x: 43.61698886803077
    y: 57.0
    z: -120.52231217266169
    yaw: 48.600113
    pitch: 13.349999
  dominik:
    world: world
    x: 231.1924742098412
    y: 63.0
    z: -2626.17873117817
    yaw: -48.20734
    pitch: 30.60011
  vesnice:
    world: world
    x: 292.74260914830995
    y: 70.0
    z: 21.172796751615767
    yaw: 130.69196
    pitch: 13.049802
afk: false
