lastAccountName: Dominik
timestamps:
  login: 1629144672831
  logout: 1629147431279
  lastteleport: 1629147135577
ipAddress: 31.30.165.90
lastlocation:
  world: world_1.17
  x: -474.7109826291722
  y: 67.0
  z: -831.0056771015467
  yaw: -124.94946
  pitch: 40.04988
logoutlocation:
  world: world_1.17
  x: -469.99926940502246
  y: 67.0
  z: -837.4107332409224
  yaw: 94.34905
  pitch: 15.450052
homes:
  kostlivci:
    world: world_1.17
    x: -219.87230591800144
    y: 29.0
    z: -726.0987325263345
    yaw: 19.202515
    pitch: 28.049736
  home:
    world: world_1.17
    x: -387.64299497831485
    y: 78.0
    z: -822.2951398096492
    yaw: 60.599533
    pitch: 37.200012
  ob:
    world: world_1.17
    x: 79.86731129332537
    y: 64.0
    z: -25.17241767975203
    yaw: -146.70143
    pitch: 29.849949
afk: false
