lastAccountName: Dominik
timestamps:
  login: 1628924915088
  logout: 1628927413474
  lastteleport: 1628927170691
ipAddress: 31.30.165.90
lastlocation:
  world: world_1.17
  x: -372.67471403912714
  y: 79.0
  z: -842.913283048495
  yaw: -96.150635
  pitch: 14.850067
logoutlocation:
  world: world_1.17
  x: 27.06236008871109
  y: 71.0
  z: -37.50051154563104
  yaw: 90.14911
  pitch: 14.700131
homes:
  kostlivci:
    world: world_1.17
    x: -219.87230591800144
    y: 29.0
    z: -726.0987325263345
    yaw: 19.202515
    pitch: 28.049736
  home:
    world: world_1.17
    x: -387.64299497831485
    y: 78.0
    z: -822.2951398096492
    yaw: 60.599533
    pitch: 37.200012
  ob:
    world: world_1.17
    x: 79.86731129332537
    y: 64.0
    z: -25.17241767975203
    yaw: -146.70143
    pitch: 29.849949
afk: false
