lastAccountName: Dominik
timestamps:
  login: 1615829105679
  logout: 1615672283702
  lastteleport: 1615671367725
ipAddress: 31.30.170.250
lastlocation:
  world: world
  x: 31.181816239473157
  y: 67.0
  z: -64.88218181896812
  yaw: -180.02895
  pitch: 12.299996
logoutlocation:
  world: world
  x: 229.47867436779114
  y: 70.0
  z: -2633.5765628495174
  yaw: 294.69067
  pitch: 17.550707
homes:
  home:
    world: world
    x: -128.40818300153956
    y: 71.0
    z: 35.162422794611786
    yaw: 83.216
    pitch: 23.24994
  dominik:
    world: world
    x: 231.1924742098412
    y: 63.0
    z: -2626.17873117817
    yaw: -48.20734
    pitch: 30.60011
  vesnice:
    world: world
    x: 292.74260914830995
    y: 70.0
    z: 21.172796751615767
    yaw: 130.69196
    pitch: 13.049802
afk: false
