lastAccountName: Dominik
timestamps:
  login: 1610651348322
  logout: 1610573824401
  lastteleport: 1610652595478
ipAddress: 88.101.244.93
lastlocation:
  world: world
  x: 1855.198845092751
  y: 59.0
  z: 233.4357180487405
  yaw: -177.15283
  pitch: 29.399988
logoutlocation:
  world: world
  x: -75.74462395251223
  y: 70.9375
  z: 67.89560626582633
  yaw: -88.08359
  pitch: 26.84998
homes:
  home:
    world: world
    x: 1857.084546299524
    y: 63.0
    z: 249.01714843857266
    yaw: 83.402855
    pitch: -16.649729
  dominik:
    world: world_the_end
    x: 48.62945449546231
    y: 1.0
    z: -296.8970391097254
    yaw: 171.00684
    pitch: 11.549791
  vesnice:
    world: world
    x: 292.74260914830995
    y: 70.0
    z: 21.172796751615767
    yaw: 130.69196
    pitch: 13.049802
afk: false
