lastAccountName: Dominik
timestamps:
  login: 1628885260156
  logout: 1628890377028
  lastteleport: 1628889613879
ipAddress: 31.30.165.90
lastlocation:
  world: world_1.17
  x: -239.69240079274346
  y: 34.0
  z: -785.5437054872682
  yaw: 142.2023
  pitch: 36.449734
logoutlocation:
  world: world_1.17
  x: -471.6438373993661
  y: 67.0
  z: -832.6874863705691
  yaw: -128.39319
  pitch: 12.00009
homes:
  kostlivci:
    world: world_1.17
    x: -219.87230591800144
    y: 29.0
    z: -726.0987325263345
    yaw: 19.202515
    pitch: 28.049736
  home:
    world: world_1.17
    x: -387.64299497831485
    y: 78.0
    z: -822.2951398096492
    yaw: 60.599533
    pitch: 37.200012
  ob:
    world: world_1.17
    x: 79.86731129332537
    y: 64.0
    z: -25.17241767975203
    yaw: -146.70143
    pitch: 29.849949
afk: false
