lastAccountName: Dominik
timestamps:
  login: 1606070583059
  logout: 1606070576402
  lastteleport: 1606073727428
ipAddress: 88.101.244.93
lastlocation:
  world: world
  x: -87.99458800804378
  y: 72.0625
  z: 89.50239670958702
  yaw: -10.083588
  pitch: 3.4499755
logoutlocation:
  world: world
  x: -48.21599236734233
  y: 68.0
  z: -19.66678958396094
  yaw: 221.40005
  pitch: 22.200054
homes:
  home:
    world: world
    x: -1991.5
    y: 64.0
    z: 752.5
    yaw: 175.61658
    pitch: 24.284124
  dominik:
    world: world
    x: -431.8973064816337
    y: 71.0
    z: 1766.215309932376
    yaw: -0.9496513
    pitch: 22.350142
  vesnice:
    world: world
    x: 292.74260914830995
    y: 70.0
    z: 21.172796751615767
    yaw: 130.69196
    pitch: 13.049802
afk: false
