lastAccountName: Dominik
timestamps:
  login: 1639857659501
  logout: 1639863199282
  lastteleport: 1639862389103
ipAddress: 88.101.164.176
lastlocation:
  world: world_1.17
  x: -471.9440524713633
  y: 60.0
  z: -830.6999999880791
  yaw: -179.10074
  pitch: -4.6503234
logoutlocation:
  world: world_1.17
  x: -393.96934594764537
  y: 75.0
  z: -811.8713379569439
  yaw: -112.63977
  pitch: 2.8498206
homes:
  kostlivci:
    world: world_1.17
    x: -219.87230591800144
    y: 29.0
    z: -726.0987325263345
    yaw: 19.202515
    pitch: 28.049736
  home:
    world: world_1.17
    x: -387.64299497831485
    y: 78.0
    z: -822.2951398096492
    yaw: 60.599533
    pitch: 37.200012
  ob:
    world: world_1.17
    x: 79.86731129332537
    y: 64.0
    z: -25.17241767975203
    yaw: -146.70143
    pitch: 29.849949
afk: false
