lastAccountName: Dominik
timestamps:
  login: 1614630306291
  logout: 1614536237264
  lastteleport: 1614535792451
ipAddress: 31.30.171.55
lastlocation:
  world: world
  x: -99.15683740033892
  y: 83.60119831471066
  z: 45.83020261010858
  yaw: 170.18958
  pitch: -1.5001787
logoutlocation:
  world: world
  x: -8.300000011920918
  y: 83.0
  z: 93.13997967732531
  yaw: 119.702515
  pitch: 13.500008
homes:
  home:
    world: world
    x: -128.40818300153956
    y: 71.0
    z: 35.162422794611786
    yaw: 83.216
    pitch: 23.24994
  dominik:
    world: world_the_end
    x: 48.62945449546231
    y: 1.0
    z: -296.8970391097254
    yaw: 171.00684
    pitch: 11.549791
  vesnice:
    world: world
    x: 292.74260914830995
    y: 70.0
    z: 21.172796751615767
    yaw: 130.69196
    pitch: 13.049802
afk: false
