lastAccountName: Dominik
timestamps:
  login: 1606600990231
  logout: 1606600985144
  lastteleport: 1606602171146
ipAddress: 88.101.244.93
lastlocation:
  world: world
  x: 275.4938429589972
  y: 73.0
  z: 15.044499394257278
  yaw: 198.29974
  pitch: 22.499872
logoutlocation:
  world: world
  x: -29.226663409587655
  y: 63.0
  z: 394.3634132853378
  yaw: -232.38344
  pitch: 29.249945
homes:
  home:
    world: world_the_end
    x: -3108.5046981138644
    y: 61.0
    z: -121.06420786736899
    yaw: 177.89172
    pitch: -45.750443
  dominik:
    world: world_the_end
    x: 48.62945449546231
    y: 1.0
    z: -296.8970391097254
    yaw: 171.00684
    pitch: 11.549791
  vesnice:
    world: world
    x: 292.74260914830995
    y: 70.0
    z: 21.172796751615767
    yaw: 130.69196
    pitch: 13.049802
afk: false
