lastAccountName: Dominik
timestamps:
  login: 1616354922795
  logout: 1616353899554
  lastteleport: 1616355018861
ipAddress: 31.30.170.250
lastlocation:
  world: world
  x: 231.5
  y: 63.0
  z: -2626.5
  yaw: -48.20734
  pitch: 30.60011
logoutlocation:
  world: world
  x: -89.11582947311796
  y: 90.5
  z: 53.26387992144098
  yaw: 194.50708
  pitch: 18.749912
homes:
  home:
    world: world_the_end
    x: 43.61698886803077
    y: 57.0
    z: -120.52231217266169
    yaw: 48.600113
    pitch: 13.349999
  dominik:
    world: world
    x: 231.1924742098412
    y: 63.0
    z: -2626.17873117817
    yaw: -48.20734
    pitch: 30.60011
  vesnice:
    world: world
    x: 292.74260914830995
    y: 70.0
    z: 21.172796751615767
    yaw: 130.69196
    pitch: 13.049802
afk: false
