lastAccountName: Dominik
timestamps:
  login: 1610049555152
  logout: 1609968491447
  lastteleport: 1610054453923
ipAddress: 88.101.244.93
lastlocation:
  world: world
  x: -130.16146642253392
  y: 58.0
  z: 437.3839677483158
  yaw: 62.407104
  pitch: 6.749911
logoutlocation:
  world: world
  x: -107.61578904197522
  y: 71.0
  z: 16.606712208521984
  yaw: -318.48297
  pitch: 2.2499614
homes:
  home:
    world: world_the_end
    x: -3108.5046981138644
    y: 61.0
    z: -121.06420786736899
    yaw: 177.89172
    pitch: -45.750443
  dominik:
    world: world_the_end
    x: 48.62945449546231
    y: 1.0
    z: -296.8970391097254
    yaw: 171.00684
    pitch: 11.549791
  vesnice:
    world: world
    x: 292.74260914830995
    y: 70.0
    z: 21.172796751615767
    yaw: 130.69196
    pitch: 13.049802
afk: false
