lastAccountName: Dominik
timestamps:
  login: 1606060882294
  logout: 1606064939288
  lastteleport: 1606063657043
ipAddress: 88.101.244.93
lastlocation:
  world: world
  x: -82.35110665731727
  y: 26.0
  z: 24.56741014106701
  yaw: 98.55246
  pitch: 23.400162
logoutlocation:
  world: world
  x: -82.50927608764466
  y: 68.9375
  z: 30.495848994747636
  yaw: 350.4566
  pitch: 7.200029
homes:
  home:
    world: world
    x: -1991.5
    y: 64.0
    z: 752.5
    yaw: 175.61658
    pitch: 24.284124
  dominik:
    world: world
    x: -431.8973064816337
    y: 71.0
    z: 1766.215309932376
    yaw: -0.9496513
    pitch: 22.350142
  vesnice:
    world: world
    x: 292.74260914830995
    y: 70.0
    z: 21.172796751615767
    yaw: 130.69196
    pitch: 13.049802
afk: false
