lastAccountName: Dominik
timestamps:
  login: 1614524754614
  logout: 1614024449159
  lastteleport: 1614528728783
ipAddress: 31.30.171.55
lastlocation:
  world: world_the_end
  x: 45.202217704325236
  y: 4.0
  z: -310.7669945440143
  yaw: 41.401947
  pitch: -33.600266
logoutlocation:
  world: world
  x: -60.05000001192093
  y: 102.0
  z: 117.94999998807907
  yaw: 152.2158
  pitch: 17.400005
homes:
  home:
    world: world
    x: -128.40818300153956
    y: 71.0
    z: 35.162422794611786
    yaw: 83.216
    pitch: 23.24994
  dominik:
    world: world_the_end
    x: 48.62945449546231
    y: 1.0
    z: -296.8970391097254
    yaw: 171.00684
    pitch: 11.549791
  vesnice:
    world: world
    x: 292.74260914830995
    y: 70.0
    z: 21.172796751615767
    yaw: 130.69196
    pitch: 13.049802
afk: false
