lastAccountName: Dominik
timestamps:
  login: 1639857659501
  logout: 1639168322831
  lastteleport: 1639862222240
ipAddress: 88.101.164.176
lastlocation:
  world: world_1.17
  x: -487.402453590628
  y: 67.0
  z: -837.2655141016287
  yaw: -87.75
  pitch: 9.299996
logoutlocation:
  world: world_1.17
  x: -464.6145120764369
  y: 66.0
  z: -848.4085031877333
  yaw: 162.59796
  pitch: 7.349917
homes:
  kostlivci:
    world: world_1.17
    x: -219.87230591800144
    y: 29.0
    z: -726.0987325263345
    yaw: 19.202515
    pitch: 28.049736
  home:
    world: world_1.17
    x: -387.64299497831485
    y: 78.0
    z: -822.2951398096492
    yaw: 60.599533
    pitch: 37.200012
  ob:
    world: world_1.17
    x: 79.86731129332537
    y: 64.0
    z: -25.17241767975203
    yaw: -146.70143
    pitch: 29.849949
afk: false
