lastAccountName: Dominik
timestamps:
  login: 1605720552289
  logout: 1605729579491
  lastteleport: 1605727441762
ipAddress: 88.101.244.93
lastlocation:
  world: world
  x: -47.699999988079064
  y: 28.0
  z: -147.8512854747725
  yaw: -5.5525513
  pitch: 10.500305
logoutlocation:
  world: world
  x: -30.995604224355088
  y: 69.0
  z: 105.39039525370931
  yaw: 154.21973
  pitch: 6.8996634
homes:
  home:
    world: world
    x: -1991.5
    y: 64.0
    z: 752.5
    yaw: 175.61658
    pitch: 24.284124
  dominik:
    world: world
    x: -18.20566057871821
    y: 65.0
    z: 376.3124385047799
    yaw: 41.99478
    pitch: 8.849822
  vesnice:
    world: world
    x: 292.74260914830995
    y: 70.0
    z: 21.172796751615767
    yaw: 130.69196
    pitch: 13.049802
afk: false
