lastAccountName: Dominik
timestamps:
  login: 1628100339433
  logout: 1628113991826
  lastteleport: 1628113981032
ipAddress: 31.30.165.90
lastlocation:
  world: world_1.17
  x: -435.00500555529254
  y: 73.0
  z: -834.4925632012278
  yaw: -83.850334
  pitch: 1.9502052
logoutlocation:
  world: world_1.17
  x: -385.297284184614
  y: 75.0
  z: -814.8219117817033
  yaw: -92.400505
  pitch: -5.999983
homes:
  kostlivci:
    world: world_1.17
    x: -219.87230591800144
    y: 29.0
    z: -726.0987325263345
    yaw: 19.202515
    pitch: 28.049736
  home:
    world: world_1.17
    x: -387.64299497831485
    y: 78.0
    z: -822.2951398096492
    yaw: 60.599533
    pitch: 37.200012
  exp:
    world: world_1.17_nether
    x: -70.35333238502578
    y: 128.0
    z: -21.68104700581332
    yaw: 52.646637
    pitch: 7.8000045
afk: false
