lastAccountName: Dominik
timestamps:
  login: 1609696333660
  logout: 1609696329142
  lastteleport: 1609699845546
ipAddress: 88.101.244.93
lastlocation:
  world: world_nether
  x: 177.57933556390378
  y: 50.0
  z: -154.66160856445208
  yaw: 94.19632
  pitch: 10.200276
logoutlocation:
  world: world
  x: -89.64098560444197
  y: 81.5
  z: 82.2525741036783
  yaw: 195.71355
  pitch: 14.850154
homes:
  home:
    world: world_the_end
    x: -3108.5046981138644
    y: 61.0
    z: -121.06420786736899
    yaw: 177.89172
    pitch: -45.750443
  dominik:
    world: world_the_end
    x: 48.62945449546231
    y: 1.0
    z: -296.8970391097254
    yaw: 171.00684
    pitch: 11.549791
  vesnice:
    world: world
    x: 292.74260914830995
    y: 70.0
    z: 21.172796751615767
    yaw: 130.69196
    pitch: 13.049802
afk: false
