lastAccountName: Dominik
timestamps:
  login: 1617395746582
  logout: 1617403968559
  lastteleport: 1617403301948
ipAddress: 31.30.170.250
lastlocation:
  world: world
  x: -75.9543808346946
  y: 73.0
  z: -20.38808921508711
  yaw: -52.9841
  pitch: 27.749964
logoutlocation:
  world: world
  x: 1847.032669810871
  y: 62.9375
  z: 266.9174554693386
  yaw: 181.36816
  pitch: 0.14992209
homes:
  home:
    world: world_the_end
    x: 43.61698886803077
    y: 57.0
    z: -120.52231217266169
    yaw: 48.600113
    pitch: 13.349999
  dominik:
    world: world
    x: 231.1924742098412
    y: 63.0
    z: -2626.17873117817
    yaw: -48.20734
    pitch: 30.60011
  vesnice:
    world: world
    x: 1889.6501018717395
    y: 72.0
    z: 239.96448795269822
    yaw: 56.253662
    pitch: 16.500135
afk: false
