lastAccountName: Dominik
timestamps:
  login: 1616698902583
  logout: 1616704071407
  lastteleport: 1616703873606
ipAddress: 31.30.170.250
lastlocation:
  world: world
  x: 263.557167581562
  y: 60.34999994210496
  z: -2635.084356459127
  yaw: 163.73901
  pitch: 24.749846
logoutlocation:
  world: world
  x: 228.64918652884512
  y: 70.0
  z: -2633.6033815053042
  yaw: 296.34937
  pitch: 16.499748
homes:
  home:
    world: world_the_end
    x: 43.61698886803077
    y: 57.0
    z: -120.52231217266169
    yaw: 48.600113
    pitch: 13.349999
  dominik:
    world: world
    x: 231.1924742098412
    y: 63.0
    z: -2626.17873117817
    yaw: -48.20734
    pitch: 30.60011
  vesnice:
    world: world
    x: 292.74260914830995
    y: 70.0
    z: 21.172796751615767
    yaw: 130.69196
    pitch: 13.049802
afk: false
