lastAccountName: Dominik
timestamps:
  login: 1609514031392
  logout: 1609445158489
  lastteleport: 1609515774812
ipAddress: 88.101.244.93
lastlocation:
  world: world
  x: -78.65784056886524
  y: 23.0
  z: 40.548034048862974
  yaw: 104.422295
  pitch: 15.299802
logoutlocation:
  world: world
  x: -104.13551388727983
  y: 69.9375
  z: 30.46811566295349
  yaw: 271.20654
  pitch: 4.6501317
homes:
  home:
    world: world_the_end
    x: -3108.5046981138644
    y: 61.0
    z: -121.06420786736899
    yaw: 177.89172
    pitch: -45.750443
  dominik:
    world: world_the_end
    x: 48.62945449546231
    y: 1.0
    z: -296.8970391097254
    yaw: 171.00684
    pitch: 11.549791
  vesnice:
    world: world
    x: 292.74260914830995
    y: 70.0
    z: 21.172796751615767
    yaw: 130.69196
    pitch: 13.049802
afk: false
