lastAccountName: Dominik
timestamps:
  login: 1606938535393
  logout: 1606940108097
  lastteleport: 1606773224265
ipAddress: 88.101.244.93
lastlocation:
  world: world
  x: 1451.9647147847556
  y: 46.10455726931788
  z: -1275.5393182405614
  yaw: 42.41162
  pitch: -19.200352
logoutlocation:
  world: world
  x: -45.85113861481953
  y: 69.0
  z: 107.00523005897345
  yaw: 283.2256
  pitch: 17.999678
homes:
  home:
    world: world_the_end
    x: -3108.5046981138644
    y: 61.0
    z: -121.06420786736899
    yaw: 177.89172
    pitch: -45.750443
  dominik:
    world: world_the_end
    x: 48.62945449546231
    y: 1.0
    z: -296.8970391097254
    yaw: 171.00684
    pitch: 11.549791
  vesnice:
    world: world
    x: 292.74260914830995
    y: 70.0
    z: 21.172796751615767
    yaw: 130.69196
    pitch: 13.049802
afk: false
