lastAccountName: Dominik
timestamps:
  login: 1635685111540
  logout: 1635686735931
  lastteleport: 1635686631752
ipAddress: 88.101.164.176
lastlocation:
  world: world_1.17
  x: 779.4373877757149
  y: 55.0
  z: 891.3185629985104
  yaw: 94.340576
  pitch: 4.200028
logoutlocation:
  world: world_1.17
  x: -445.16444986575385
  y: 64.0
  z: -841.7828784389276
  yaw: 78.89972
  pitch: 16.2
homes:
  kostlivci:
    world: world_1.17
    x: -219.87230591800144
    y: 29.0
    z: -726.0987325263345
    yaw: 19.202515
    pitch: 28.049736
  home:
    world: world_1.17
    x: -387.64299497831485
    y: 78.0
    z: -822.2951398096492
    yaw: 60.599533
    pitch: 37.200012
  ob:
    world: world_1.17
    x: 79.86731129332537
    y: 64.0
    z: -25.17241767975203
    yaw: -146.70143
    pitch: 29.849949
afk: false
