lastAccountName: Dominik
timestamps:
  login: 1615409517792
  logout: 1615410756158
  lastteleport: 1615409676066
ipAddress: 31.30.170.208
lastlocation:
  world: lobby
  x: 76.40564247110326
  y: 3.8788982813956134
  z: -89.67762142674046
  yaw: -52.50031
  pitch: 15.75004
logoutlocation:
  world: world
  x: -166.69999998807907
  y: 64.0
  z: 180.42633223843927
  yaw: 9.749817
  pitch: 36.7502
homes:
  home:
    world: world
    x: -128.40818300153956
    y: 71.0
    z: 35.162422794611786
    yaw: 83.216
    pitch: 23.24994
  dominik:
    world: world
    x: 231.1924742098412
    y: 63.0
    z: -2626.17873117817
    yaw: -48.20734
    pitch: 30.60011
  vesnice:
    world: world
    x: 292.74260914830995
    y: 70.0
    z: 21.172796751615767
    yaw: 130.69196
    pitch: 13.049802
afk: false
