lastAccountName: Dominik
timestamps:
  login: 1628530116323
  logout: 1628533660431
  lastteleport: 1628533029830
ipAddress: 31.30.165.90
lastlocation:
  world: world_1.17
  x: -474.80188682402485
  y: 61.0
  z: -870.7956916480642
  yaw: 165.00293
  pitch: 31.200245
logoutlocation:
  world: world_1.17
  x: -474.1478228115847
  y: 67.0
  z: -845.6098461697612
  yaw: 107.24866
  pitch: 11.249936
homes:
  kostlivci:
    world: world_1.17
    x: -219.87230591800144
    y: 29.0
    z: -726.0987325263345
    yaw: 19.202515
    pitch: 28.049736
  home:
    world: world_1.17
    x: -387.64299497831485
    y: 78.0
    z: -822.2951398096492
    yaw: 60.599533
    pitch: 37.200012
  ob:
    world: world_1.17
    x: 79.86731129332537
    y: 64.0
    z: -25.17241767975203
    yaw: -146.70143
    pitch: 29.849949
afk: false
