lastAccountName: Dominik
timestamps:
  login: 1610992838985
  logout: 1610922370535
  lastteleport: 1610922362221
ipAddress: 88.101.244.93
lastlocation:
  world: world
  x: 292.5
  y: 70.0
  z: 21.5
  yaw: 130.69196
  pitch: 13.049802
logoutlocation:
  world: world
  x: -119.35472123573683
  y: 71.0
  z: 32.379606826192514
  yaw: 179.66629
  pitch: 6.749947
homes:
  home:
    world: world
    x: -128.40818300153956
    y: 71.0
    z: 35.162422794611786
    yaw: 83.216
    pitch: 23.24994
  dominik:
    world: world_the_end
    x: 48.62945449546231
    y: 1.0
    z: -296.8970391097254
    yaw: 171.00684
    pitch: 11.549791
  vesnice:
    world: world
    x: 292.74260914830995
    y: 70.0
    z: 21.172796751615767
    yaw: 130.69196
    pitch: 13.049802
afk: false
