lastAccountName: Dominik
timestamps:
  login: 1605639054167
  logout: 1605654491111
  lastteleport: 1605652630786
ipAddress: 88.101.244.93
lastlocation:
  world: world
  x: -56.01419405724038
  y: 91.0
  z: 116.50141228736518
  yaw: 327.27222
  pitch: 25.049606
logoutlocation:
  world: world
  x: -32.85026962200907
  y: 70.0
  z: 91.15357748774252
  yaw: 25.035559
  pitch: -27.449825
homes:
  home:
    world: world
    x: -1991.5
    y: 64.0
    z: 752.5
    yaw: 175.61658
    pitch: 24.284124
  dominik:
    world: world
    x: -18.20566057871821
    y: 65.0
    z: 376.3124385047799
    yaw: 41.99478
    pitch: 8.849822
  vesnice:
    world: world
    x: 292.74260914830995
    y: 70.0
    z: 21.172796751615767
    yaw: 130.69196
    pitch: 13.049802
afk: false
