lastAccountName: Dominik
timestamps:
  login: 1642278748650
  logout: 1642278746379
  lastteleport: 1642279430040
ipAddress: 88.101.164.176
lastlocation:
  world: world_1.17_nether
  x: -30.311813000031083
  y: 117.5625
  z: -9.990623614876936
  yaw: 19.779606
  pitch: 57.749744
logoutlocation:
  world: world_1.17
  x: -394.5135886203135
  y: 75.0
  z: -820.4593549878023
  yaw: 145.64949
  pitch: -3.3000329
homes:
  kostlivci:
    world: world_1.17
    x: -219.87230591800144
    y: 29.0
    z: -726.0987325263345
    yaw: 19.202515
    pitch: 28.049736
  home:
    world: world_1.17
    x: -387.64299497831485
    y: 78.0
    z: -822.2951398096492
    yaw: 60.599533
    pitch: 37.200012
  k:
    world: world_1.17_nether
    x: 5.218256493110905
    y: 117.5
    z: -2.7617011000485783
    yaw: -108.03888
    pitch: -9.900108
afk: false
