lastAccountName: Dominik
timestamps:
  login: 1627073650275
  logout: 1627076206665
  lastteleport: 1627075347822
ipAddress: 31.30.165.90
lastlocation:
  world: world_1.17
  x: 126.93095883441319
  y: 61.0
  z: -468.69999998807907
  yaw: 21.89543
  pitch: 28.650208
logoutlocation:
  world: world_1.17
  x: -379.83380838646553
  y: 76.0
  z: -852.9302663450776
  yaw: -1.3500197
  pitch: 7.2000113
homes:
  centrum:
    world: world_1.17
    x: 104.5
    y: 73.0
    z: -19.5
    yaw: 1.1282654
    pitch: 12.599962
  kostlivci:
    world: world_1.17
    x: -219.87230591800144
    y: 29.0
    z: -726.0987325263345
    yaw: 19.202515
    pitch: 28.049736
  home:
    world: world_1.17
    x: -387.64299497831485
    y: 78.0
    z: -822.2951398096492
    yaw: 60.599533
    pitch: 37.200012
afk: false
