lastAccountName: Dominik
timestamps:
  login: 1628617446222
  logout: 1628623193331
  lastteleport: 1628622968841
ipAddress: 31.30.165.90
lastlocation:
  world: world_1.17
  x: 114.30772284879905
  y: 11.0
  z: -467.3565236055506
  yaw: -6.449951
  pitch: 19.19992
logoutlocation:
  world: world_1.17
  x: -389.52596119255014
  y: 78.0
  z: -839.9410198963272
  yaw: -74.551575
  pitch: 16.349857
homes:
  kostlivci:
    world: world_1.17
    x: -219.87230591800144
    y: 29.0
    z: -726.0987325263345
    yaw: 19.202515
    pitch: 28.049736
  home:
    world: world_1.17
    x: -387.64299497831485
    y: 78.0
    z: -822.2951398096492
    yaw: 60.599533
    pitch: 37.200012
  ob:
    world: world_1.17
    x: 79.86731129332537
    y: 64.0
    z: -25.17241767975203
    yaw: -146.70143
    pitch: 29.849949
afk: false
