lastAccountName: Dominik
timestamps:
  login: 1610915474022
  logout: 1610905049280
  lastteleport: 1610904912146
ipAddress: 88.101.244.93
lastlocation:
  world: world
  x: 1837.666526550635
  y: 63.0
  z: 275.5620664866234
  yaw: 203.70326
  pitch: 7.95007
logoutlocation:
  world: world
  x: -120.35781399639683
  y: 86.5
  z: 36.44336114480557
  yaw: 359.21576
  pitch: 17.999912
homes:
  home:
    world: world
    x: 1857.084546299524
    y: 63.0
    z: 249.01714843857266
    yaw: 83.402855
    pitch: -16.649729
  dominik:
    world: world_the_end
    x: 48.62945449546231
    y: 1.0
    z: -296.8970391097254
    yaw: 171.00684
    pitch: 11.549791
  vesnice:
    world: world
    x: 292.74260914830995
    y: 70.0
    z: 21.172796751615767
    yaw: 130.69196
    pitch: 13.049802
afk: false
