lastAccountName: Dominik
timestamps:
  login: 1618670832114
  logout: 1618434031998
  lastteleport: 1618433774352
ipAddress: 31.30.170.250
lastlocation:
  world: world
  x: 224.07656533371636
  y: 11.0
  z: -2629.6092098282693
  yaw: 266.34357
  pitch: 13.049907
logoutlocation:
  world: world_nether
  x: 29.633774298314574
  y: 43.0
  z: -241.69999998807907
  yaw: 156.99347
  pitch: -30.300243
homes:
  home:
    world: world_the_end
    x: 43.61698886803077
    y: 57.0
    z: -120.52231217266169
    yaw: 48.600113
    pitch: 13.349999
  dominik:
    world: world
    x: 231.1924742098412
    y: 63.0
    z: -2626.17873117817
    yaw: -48.20734
    pitch: 30.60011
  vesnice:
    world: world
    x: 1889.6501018717395
    y: 72.0
    z: 239.96448795269822
    yaw: 56.253662
    pitch: 16.500135
afk: false
