lastAccountName: Dominik
timestamps:
  login: 1641132795094
  logout: 1641144614052
  lastteleport: 1641144203145
ipAddress: 88.101.164.176
lastlocation:
  world: world_1.17
  x: -444.48420676986785
  y: 64.0
  z: -849.3171807332238
  yaw: -20.551971
  pitch: 5.5499997
logoutlocation:
  world: world_1.17
  x: -487.8179047980444
  y: 65.0
  z: -885.8157446407141
  yaw: -52.79953
  pitch: 14.399834
homes:
  kostlivci:
    world: world_1.17
    x: -219.87230591800144
    y: 29.0
    z: -726.0987325263345
    yaw: 19.202515
    pitch: 28.049736
  home:
    world: world_1.17
    x: -387.64299497831485
    y: 78.0
    z: -822.2951398096492
    yaw: 60.599533
    pitch: 37.200012
  ob:
    world: world_1.17
    x: 79.86731129332537
    y: 64.0
    z: -25.17241767975203
    yaw: -146.70143
    pitch: 29.849949
afk: false
