lastAccountName: Dominik
timestamps:
  login: 1609192402288
  logout: 1609197400343
  lastteleport: 1609193533445
ipAddress: 88.101.244.93
lastlocation:
  world: world_nether
  x: 75.21114795899506
  y: 61.0
  z: 55.0426991308762
  yaw: 106.01673
  pitch: 29.1
logoutlocation:
  world: world
  x: -38.2823081869502
  y: 71.0
  z: 76.76311886749329
  yaw: 27.916931
  pitch: 16.049925
homes:
  home:
    world: world_the_end
    x: -3108.5046981138644
    y: 61.0
    z: -121.06420786736899
    yaw: 177.89172
    pitch: -45.750443
  dominik:
    world: world_the_end
    x: 48.62945449546231
    y: 1.0
    z: -296.8970391097254
    yaw: 171.00684
    pitch: 11.549791
  vesnice:
    world: world
    x: 292.74260914830995
    y: 70.0
    z: 21.172796751615767
    yaw: 130.69196
    pitch: 13.049802
afk: false
