lastAccountName: Dominik
timestamps:
  login: 1628186126860
  logout: 1628199003292
  lastteleport: 1628198763444
ipAddress: 31.30.165.90
lastlocation:
  world: world_1.17
  x: -386.8460732104258
  y: 75.0
  z: -821.0412901945602
  yaw: -103.05047
  pitch: 27.749994
logoutlocation:
  world: world_1.17
  x: 76.44568428389694
  y: 69.0
  z: -9.49839196251178
  yaw: -168.45229
  pitch: 16.349886
homes:
  kostlivci:
    world: world_1.17
    x: -219.87230591800144
    y: 29.0
    z: -726.0987325263345
    yaw: 19.202515
    pitch: 28.049736
  home:
    world: world_1.17
    x: -387.64299497831485
    y: 78.0
    z: -822.2951398096492
    yaw: 60.599533
    pitch: 37.200012
  ob:
    world: world_1.17
    x: 79.86731129332537
    y: 64.0
    z: -25.17241767975203
    yaw: -146.70143
    pitch: 29.849949
afk: false
