timestamps:
  login: 1645563140040
  logout: 1645569521399
  lastteleport: 1645569227665
  lastheal: 0
  mute: 0
  jail: 0
  onlinejail: 0
lastlocation:
  world: 5e52e54b-69fd-4280-ae27-5dabf3e709a5
  x: -469.02263610857756
  y: 67.0
  z: -837.5346127919242
  yaw: -90.3021240234375
  pitch: 6.749889850616455
  world-name: world_1.17
logoutlocation:
  world: 5e52e54b-69fd-4280-ae27-5dabf3e709a5
  x: -427.8303995888738
  y: 87.0
  z: -864.1104690854489
  yaw: 64.95370483398438
  pitch: 29.99981689453125
  world-name: world_1.17
homes:
  kostlivci:
    world: 5e52e54b-69fd-4280-ae27-5dabf3e709a5
    x: -219.87230591800144
    y: 29.0
    z: -726.0987325263345
    yaw: 19.2025146484375
    pitch: 28.04973602294922
    world-name: world_1.17
  home:
    world: 5e52e54b-69fd-4280-ae27-5dabf3e709a5
    x: -387.64299497831485
    y: 78.0
    z: -822.2951398096492
    yaw: 60.59953308105469
    pitch: 37.20001220703125
    world-name: world_1.17
  pis:
    world: 5e52e54b-69fd-4280-ae27-5dabf3e709a5
    world-name: world_1.17
    x: -308.0980062945012
    y: 68.0
    z: -1824.5411191977278
    yaw: -41.58635711669922
    pitch: 29.249845504760742
afk: false
ip-address: 88.101.164.176
last-account-name: Dominik
teleportenabled: true
teleportauto: false
godmode: false
muted: false
jailed: false
socialspy: false
npc: false
powertoolsenabled: true
accepting-pay: true
baltop-exempt: false
money: '0'
