lastAccountName: Dominik
timestamps:
  login: 1617395746582
  logout: 1617285752101
  lastteleport: 1617395806768
ipAddress: 31.30.170.250
lastlocation:
  world: world
  x: -78.5
  y: 69.0
  z: 30.5
  yaw: -267.9337
  pitch: -15.750022
logoutlocation:
  world: world
  x: 215.7801992957168
  y: 69.0
  z: -2631.040831448204
  yaw: -72.207146
  pitch: 13.949896
homes:
  home:
    world: world_the_end
    x: 43.61698886803077
    y: 57.0
    z: -120.52231217266169
    yaw: 48.600113
    pitch: 13.349999
  dominik:
    world: world
    x: 231.1924742098412
    y: 63.0
    z: -2626.17873117817
    yaw: -48.20734
    pitch: 30.60011
  vesnice:
    world: world
    x: 292.74260914830995
    y: 70.0
    z: 21.172796751615767
    yaw: 130.69196
    pitch: 13.049802
afk: false
