lastAccountName: Dominik
timestamps:
  login: 1606324434150
  logout: 1606323530538
  lastteleport: 1606325070872
ipAddress: 88.101.244.93
lastlocation:
  world: world
  x: 51.36623066104559
  y: 63.0
  z: -111.66262126175269
  yaw: 28.795563
  pitch: 6.600127
logoutlocation:
  world: world
  x: 0.48750001192092834
  y: 70.0
  z: 478.4058045991958
  yaw: 124.05493
  pitch: 12.449849
homes:
  home:
    world: world
    x: -1991.5
    y: 64.0
    z: 752.5
    yaw: 175.61658
    pitch: 24.284124
  dominik:
    world: world
    x: -3139.1587700208515
    y: 69.0
    z: 4001.182717481957
    yaw: 109.765015
    pitch: 10.499767
  vesnice:
    world: world
    x: 292.74260914830995
    y: 70.0
    z: 21.172796751615767
    yaw: 130.69196
    pitch: 13.049802
afk: false
