lastAccountName: Dominik
timestamps:
  login: 1615143750623
  logout: 1615149006102
  lastteleport: 1615146975606
ipAddress: 31.30.170.208
lastlocation:
  world: world
  x: 292.5
  y: 70.0
  z: 21.5
  yaw: 121.991875
  pitch: 5.099794
logoutlocation:
  world: world
  x: 226.51786717072358
  y: 63.0
  z: -2630.9604766546163
  yaw: 296.198
  pitch: 16.949976
homes:
  home:
    world: world
    x: -128.40818300153956
    y: 71.0
    z: 35.162422794611786
    yaw: 83.216
    pitch: 23.24994
  dominik:
    world: world_the_end
    x: 48.62945449546231
    y: 1.0
    z: -296.8970391097254
    yaw: 171.00684
    pitch: 11.549791
  vesnice:
    world: world
    x: 292.74260914830995
    y: 70.0
    z: 21.172796751615767
    yaw: 130.69196
    pitch: 13.049802
afk: false
