lastAccountName: Dominik
timestamps:
  login: 1606243152236
  logout: 1606240768084
  lastteleport: 1606248296026
ipAddress: 88.101.244.93
lastlocation:
  world: world
  x: 75.92569888663557
  y: 74.0
  z: 159.6249430699184
  yaw: -59.952637
  pitch: 13.5003605
logoutlocation:
  world: world
  x: -116.95736634685272
  y: 72.0
  z: 1.6999999880790724
  yaw: -80.13754
  pitch: 11.549428
homes:
  home:
    world: world
    x: -1991.5
    y: 64.0
    z: 752.5
    yaw: 175.61658
    pitch: 24.284124
  dominik:
    world: world
    x: -3139.1587700208515
    y: 69.0
    z: 4001.182717481957
    yaw: 109.765015
    pitch: 10.499767
  vesnice:
    world: world
    x: 292.74260914830995
    y: 70.0
    z: 21.172796751615767
    yaw: 130.69196
    pitch: 13.049802
afk: false
