lastAccountName: Dominik
timestamps:
  login: 1628019545038
  logout: 1627939188576
  lastteleport: 1628024832340
ipAddress: 31.30.165.90
lastlocation:
  world: world_1.17
  x: -591.1121157932475
  y: 69.0
  z: -725.0915784410101
  yaw: -72.29016
  pitch: 32.999947
logoutlocation:
  world: world_1.17
  x: -241.30411873052225
  y: 35.0
  z: -745.4537219708992
  yaw: -125.24817
  pitch: 33.749752
homes:
  kostlivci:
    world: world_1.17
    x: -219.87230591800144
    y: 29.0
    z: -726.0987325263345
    yaw: 19.202515
    pitch: 28.049736
  home:
    world: world_1.17
    x: -387.64299497831485
    y: 78.0
    z: -822.2951398096492
    yaw: 60.599533
    pitch: 37.200012
  exp:
    world: world_1.17_nether
    x: -70.35333238502578
    y: 128.0
    z: -21.68104700581332
    yaw: 52.646637
    pitch: 7.8000045
afk: false
