lastAccountName: Dominik
timestamps:
  login: 1611085227552
  logout: 1610994698934
  lastteleport: 1611085580984
ipAddress: 88.101.244.93
lastlocation:
  world: world
  x: -78.5
  y: 69.0
  z: 30.5
  yaw: -268.23367
  pitch: -19.800022
logoutlocation:
  world: world
  x: -99.55050742101582
  y: 81.5
  z: 87.7844653103803
  yaw: 146.24835
  pitch: 33.749783
homes:
  home:
    world: world
    x: -128.40818300153956
    y: 71.0
    z: 35.162422794611786
    yaw: 83.216
    pitch: 23.24994
  dominik:
    world: world_the_end
    x: 48.62945449546231
    y: 1.0
    z: -296.8970391097254
    yaw: 171.00684
    pitch: 11.549791
  vesnice:
    world: world
    x: 292.74260914830995
    y: 70.0
    z: 21.172796751615767
    yaw: 130.69196
    pitch: 13.049802
afk: false
