lastAccountName: Dominik
timestamps:
  login: 1640544039170
  logout: 1640544527678
  lastteleport: 1640544507438
ipAddress: 88.101.164.176
lastlocation:
  world: world
  x: -64.2083529157584
  y: 64.5
  z: 69.01045503579319
  yaw: 87.41647
  pitch: 3.44972
logoutlocation:
  world: world_1.17
  x: -396.2436101467012
  y: 76.0
  z: -822.5575391003811
  yaw: 109.949814
  pitch: 8.550015
homes:
  kostlivci:
    world: world_1.17
    x: -219.87230591800144
    y: 29.0
    z: -726.0987325263345
    yaw: 19.202515
    pitch: 28.049736
  home:
    world: world_1.17
    x: -387.64299497831485
    y: 78.0
    z: -822.2951398096492
    yaw: 60.599533
    pitch: 37.200012
  ob:
    world: world_1.17
    x: 79.86731129332537
    y: 64.0
    z: -25.17241767975203
    yaw: -146.70143
    pitch: 29.849949
afk: false
