lastAccountName: Dominik
timestamps:
  login: 1640196490668
  logout: 1640199015931
  lastteleport: 1640198625000
ipAddress: 88.101.164.176
lastlocation:
  world: world_1.17_nether
  x: -33.00473168853797
  y: 102.0
  z: -122.06215245946606
  yaw: 30.746273
  pitch: 18.600115
logoutlocation:
  world: world_1.17
  x: -483.3745800055595
  y: 67.0
  z: -855.2304375387203
  yaw: -178.79773
  pitch: 28.949694
homes:
  kostlivci:
    world: world_1.17
    x: -219.87230591800144
    y: 29.0
    z: -726.0987325263345
    yaw: 19.202515
    pitch: 28.049736
  home:
    world: world_1.17
    x: -387.64299497831485
    y: 78.0
    z: -822.2951398096492
    yaw: 60.599533
    pitch: 37.200012
  ob:
    world: world_1.17
    x: 79.86731129332537
    y: 64.0
    z: -25.17241767975203
    yaw: -146.70143
    pitch: 29.849949
afk: false
