lastAccountName: Dominik
timestamps:
  login: 1606078853098
  logout: 1606075569053
  lastteleport: 1606080327275
ipAddress: 88.101.244.93
lastlocation:
  world: world_nether
  x: -53.14658355534363
  y: 32.875
  z: -107.55771318286115
  yaw: 177.30006
  pitch: 58.200077
logoutlocation:
  world: world
  x: -103.42184518778757
  y: 70.0
  z: 56.97739948003533
  yaw: -239.87952
  pitch: 15.150069
homes:
  home:
    world: world
    x: -1991.5
    y: 64.0
    z: 752.5
    yaw: 175.61658
    pitch: 24.284124
  dominik:
    world: world
    x: -431.8973064816337
    y: 71.0
    z: 1766.215309932376
    yaw: -0.9496513
    pitch: 22.350142
  vesnice:
    world: world
    x: 292.74260914830995
    y: 70.0
    z: 21.172796751615767
    yaw: 130.69196
    pitch: 13.049802
afk: false
