lastAccountName: Dominik
timestamps:
  login: 1616698902583
  logout: 1616360111730
  lastteleport: 1616701530774
ipAddress: 31.30.170.250
lastlocation:
  world: world
  x: 204.4581933971378
  y: 58.0
  z: -2630.972333212782
  yaw: -163.9509
  pitch: 25.650045
logoutlocation:
  world: world
  x: 234.0536617455695
  y: 63.0
  z: -2631.6908107280574
  yaw: -66.05744
  pitch: 15.000107
homes:
  home:
    world: world_the_end
    x: 43.61698886803077
    y: 57.0
    z: -120.52231217266169
    yaw: 48.600113
    pitch: 13.349999
  dominik:
    world: world
    x: 231.1924742098412
    y: 63.0
    z: -2626.17873117817
    yaw: -48.20734
    pitch: 30.60011
  vesnice:
    world: world
    x: 292.74260914830995
    y: 70.0
    z: 21.172796751615767
    yaw: 130.69196
    pitch: 13.049802
afk: false
