lastAccountName: Dominik
timestamps:
  login: 1614023355365
  logout: 1614024449159
  lastteleport: 1614023999863
ipAddress: 31.30.171.55
lastlocation:
  world: world
  x: -131.8466292927846
  y: 27.0
  z: 58.49840037104686
  yaw: 88.4628
  pitch: 16.7998
logoutlocation:
  world: world
  x: -60.05000001192093
  y: 102.0
  z: 117.94999998807907
  yaw: 152.2158
  pitch: 17.400005
homes:
  home:
    world: world
    x: -128.40818300153956
    y: 71.0
    z: 35.162422794611786
    yaw: 83.216
    pitch: 23.24994
  dominik:
    world: world_the_end
    x: 48.62945449546231
    y: 1.0
    z: -296.8970391097254
    yaw: 171.00684
    pitch: 11.549791
  vesnice:
    world: world
    x: 292.74260914830995
    y: 70.0
    z: 21.172796751615767
    yaw: 130.69196
    pitch: 13.049802
afk: false
