lastAccountName: Dominik
timestamps:
  login: 1627926155917
  logout: 1627939188576
  lastteleport: 1627939041749
ipAddress: 31.30.165.90
lastlocation:
  world: world_1.17
  x: -390.0221633190425
  y: 75.0
  z: -822.1149643114909
  yaw: 2.252777
  pitch: 16.949657
logoutlocation:
  world: world_1.17
  x: -241.30411873052225
  y: 35.0
  z: -745.4537219708992
  yaw: -125.24817
  pitch: 33.749752
homes:
  centrum:
    world: world_1.17
    x: 104.5
    y: 73.0
    z: -19.5
    yaw: 1.1282654
    pitch: 12.599962
  kostlivci:
    world: world_1.17
    x: -219.87230591800144
    y: 29.0
    z: -726.0987325263345
    yaw: 19.202515
    pitch: 28.049736
  home:
    world: world_1.17
    x: -387.64299497831485
    y: 78.0
    z: -822.2951398096492
    yaw: 60.599533
    pitch: 37.200012
afk: false
