lastAccountName: Dominik
timestamps:
  login: 1611169296293
  logout: 1611175516415
  lastteleport: 1611175485610
ipAddress: 88.101.244.93
lastlocation:
  world: world
  x: -122.5197249814882
  y: 71.0
  z: 34.803077777150335
  yaw: -168.63457
  pitch: 20.549961
logoutlocation:
  world: world
  x: -128.5
  y: 71.0
  z: 35.5
  yaw: -98.100006
  pitch: -4.950001
homes:
  home:
    world: world
    x: -128.40818300153956
    y: 71.0
    z: 35.162422794611786
    yaw: 83.216
    pitch: 23.24994
  dominik:
    world: world_the_end
    x: 48.62945449546231
    y: 1.0
    z: -296.8970391097254
    yaw: 171.00684
    pitch: 11.549791
  vesnice:
    world: world
    x: 292.74260914830995
    y: 70.0
    z: 21.172796751615767
    yaw: 130.69196
    pitch: 13.049802
afk: false
