lastAccountName: Dominik
timestamps:
  login: 1606162223322
  logout: 1606161770488
  lastteleport: 1606159771803
ipAddress: 88.101.244.93
lastlocation:
  world: world
  x: -1726.413070104899
  y: 70.0
  z: 39.63937322299803
  yaw: 280.0537
  pitch: -10.350001
logoutlocation:
  world: world
  x: -24.786022478824307
  y: 64.0
  z: 22.555715736968477
  yaw: 57.00818
  pitch: -0.5998091
homes:
  home:
    world: world
    x: -1991.5
    y: 64.0
    z: 752.5
    yaw: 175.61658
    pitch: 24.284124
  dominik:
    world: world
    x: -431.8973064816337
    y: 71.0
    z: 1766.215309932376
    yaw: -0.9496513
    pitch: 22.350142
  vesnice:
    world: world
    x: 292.74260914830995
    y: 70.0
    z: 21.172796751615767
    yaw: 130.69196
    pitch: 13.049802
afk: false
