lastAccountName: Dominik
timestamps:
  login: 1605550330509
  logout: 1605564982411
  lastteleport: 1605563229413
ipAddress: 88.101.244.93
lastlocation:
  world: world_nether
  x: 136.0977591981394
  y: 80.0
  z: -36.96646164661852
  yaw: 191.25244
  pitch: 35.399532
logoutlocation:
  world: world
  x: -19.975156474422803
  y: 67.0
  z: 103.11260590897963
  yaw: 115.204346
  pitch: 3.2999778
homes:
  home:
    world: world
    x: -1991.5
    y: 64.0
    z: 752.5
    yaw: 175.61658
    pitch: 24.284124
  dominik:
    world: world
    x: -18.20566057871821
    y: 65.0
    z: 376.3124385047799
    yaw: 41.99478
    pitch: 8.849822
  vesnice:
    world: world
    x: 292.74260914830995
    y: 70.0
    z: 21.172796751615767
    yaw: 130.69196
    pitch: 13.049802
afk: false
