lastAccountName: luckdelli
timestamps:
  login: 1606943257936
  logout: 1606871610194
  lastteleport: 1606943570081
ipAddress: 147.32.96.61
logoutlocation:
  world: world
  x: -43.80291439127748
  y: 69.0
  z: 107.95772030593548
  yaw: -274.23367
  pitch: 19.650305
homes:
  base:
    world: world
    x: -2063.2222951734793
    y: 70.0
    z: 748.687776916096
    yaw: 170.99979
    pitch: 12.2999935
  xp:
    world: world_the_end
    x: 42.88592823398214
    y: 1.0
    z: -296.1745306200467
    yaw: 241.49908
    pitch: 16.350008
lastlocation:
  world: world
  x: -2062.419814995719
  y: 70.0
  z: 748.2464970299401
  yaw: -180.29988
  pitch: -6.749991
afk: false
