lastAccountName: luckdelli
timestamps:
  login: 1611055649021
  logout: 1611068629034
  lastteleport: 1611066901235
ipAddress: 147.32.96.62
logoutlocation:
  world: world
  x: -2063.5169159737256
  y: 70.0
  z: 697.3433286756339
  yaw: 37.95006
  pitch: 39.750004
homes:
  base:
    world: world
    x: -2063.2222951734793
    y: 70.0
    z: 748.687776916096
    yaw: 170.99979
    pitch: 12.2999935
  xp:
    world: world_the_end
    x: 42.88592823398214
    y: 1.0
    z: -296.1745306200467
    yaw: 241.49908
    pitch: 16.350008
  mario:
    world: world
    x: -463.55828951009534
    y: 96.0
    z: 283.9361033816017
    yaw: -14.284643
    pitch: 52.34997
lastlocation:
  world: world
  x: -46.34570878205852
  y: 69.0
  z: 107.40410680321018
  yaw: 191.21585
  pitch: 13.799934
afk: false
