lastAccountName: luckdelli
timestamps:
  login: 1611318729677
  logout: 1611321590506
  lastteleport: 1611319884963
ipAddress: 147.32.96.62
logoutlocation:
  world: world
  x: -2045.638404290035
  y: 127.0
  z: 680.5249573619216
  yaw: -264.15393
  pitch: 35.70016
homes:
  base:
    world: world
    x: -2063.2222951734793
    y: 70.0
    z: 748.687776916096
    yaw: 170.99979
    pitch: 12.2999935
  xp:
    world: world_the_end
    x: 42.88592823398214
    y: 1.0
    z: -296.1745306200467
    yaw: 241.49908
    pitch: 16.350008
  mario:
    world: world
    x: -463.55828951009534
    y: 96.0
    z: 283.9361033816017
    yaw: -14.284643
    pitch: 52.34997
lastlocation:
  world: world
  x: -453.9728303440433
  y: 91.0
  z: 284.30000001192093
  yaw: -48.78369
  pitch: 12.44997
afk: false
