lastAccountName: luckdelli
timestamps:
  login: 1606675766645
  logout: 1606687873395
  lastteleport: 1606687233511
ipAddress: 147.32.96.62
logoutlocation:
  world: world
  x: -135.36829673755923
  y: 42.0
  z: 75.41374315112864
  yaw: 236.96846
  pitch: 12.300008
homes:
  base:
    world: world
    x: -2063.2222951734793
    y: 70.0
    z: 748.687776916096
    yaw: 170.99979
    pitch: 12.2999935
  xp:
    world: world_the_end
    x: 42.88592823398214
    y: 1.0
    z: -296.1745306200467
    yaw: 241.49908
    pitch: 16.350008
lastlocation:
  world: world
  x: -2062.0796232253397
  y: 70.0
  z: 750.9657536939712
  yaw: 169.94983
  pitch: -15.300009
afk: false
