lastAccountName: luckdelli
timestamps:
  login: 1608591934099
  logout: 1608595248512
  lastteleport: 1608593090265
ipAddress: 147.32.96.50
logoutlocation:
  world: world
  x: -460.9642676648948
  y: 101.0
  z: 276.6536725497132
  yaw: 37.639038
  pitch: 37.79991
homes:
  base:
    world: world
    x: -2063.2222951734793
    y: 70.0
    z: 748.687776916096
    yaw: 170.99979
    pitch: 12.2999935
  xp:
    world: world_the_end
    x: 42.88592823398214
    y: 1.0
    z: -296.1745306200467
    yaw: 241.49908
    pitch: 16.350008
  mario:
    world: world
    x: -454.9269317430982
    y: 92.0
    z: 285.6477853136434
    yaw: 358.96155
    pitch: 39.30002
lastlocation:
  world: world_the_end
  x: 51.24342372588735
  y: 1.0
  z: -300.80779371702613
  yaw: 58.349117
  pitch: 1.9499643
afk: false
