lastAccountName: luckdelli
timestamps:
  login: 1609768446104
  logout: 1609629889339
  lastteleport: 1609774711571
ipAddress: 147.32.96.62
logoutlocation:
  world: world
  x: -564.0326873444565
  y: 95.0
  z: 356.58197276550135
  yaw: 177.6615
  pitch: 29.999907
homes:
  base:
    world: world
    x: -2063.2222951734793
    y: 70.0
    z: 748.687776916096
    yaw: 170.99979
    pitch: 12.2999935
  xp:
    world: world_the_end
    x: 42.88592823398214
    y: 1.0
    z: -296.1745306200467
    yaw: 241.49908
    pitch: 16.350008
  mario:
    world: world
    x: -600.6836528070753
    y: 39.0
    z: 367.9579306339748
    yaw: 33.117004
    pitch: 17.549917
lastlocation:
  world: world_nether
  x: -237.41900196099238
  y: 12.0
  z: 133.5870481541338
  yaw: 241.95026
  pitch: 10.949955
afk: false
