lastAccountName: luckdelli
timestamps:
  login: 1608585414226
  logout: 1608583923111
  lastteleport: 1608582296780
ipAddress: 147.32.96.50
logoutlocation:
  world: world
  x: -511.5
  y: 95.0
  z: 413.5
  yaw: -45.00001
  pitch: 0.0
homes:
  base:
    world: world
    x: -2063.2222951734793
    y: 70.0
    z: 748.687776916096
    yaw: 170.99979
    pitch: 12.2999935
  xp:
    world: world_the_end
    x: 42.88592823398214
    y: 1.0
    z: -296.1745306200467
    yaw: 241.49908
    pitch: 16.350008
  mario:
    world: world
    x: -454.9269317430982
    y: 92.0
    z: 285.6477853136434
    yaw: 358.96155
    pitch: 39.30002
lastlocation:
  world: world
  x: -1044.1011842002574
  y: 59.0
  z: 421.1504920345429
  yaw: 207.00052
  pitch: -10.499997
afk: false
