lastAccountName: luckdelli
timestamps:
  login: 1610565780270
  logout: 1610565778557
  lastteleport: 1610567514530
ipAddress: 147.32.96.62
logoutlocation:
  world: world
  x: -2062.465664462768
  y: 69.0
  z: 662.8608990220581
  yaw: -294.44763
  pitch: -3.3000813
homes:
  base:
    world: world
    x: -2063.2222951734793
    y: 70.0
    z: 748.687776916096
    yaw: 170.99979
    pitch: 12.2999935
  xp:
    world: world_the_end
    x: 42.88592823398214
    y: 1.0
    z: -296.1745306200467
    yaw: 241.49908
    pitch: 16.350008
  mario:
    world: world
    x: -463.55828951009534
    y: 96.0
    z: 283.9361033816017
    yaw: -14.284643
    pitch: 52.34997
lastlocation:
  world: world_nether
  x: -357.33944803943626
  y: 47.0
  z: -43.772488435114084
  yaw: 71.102234
  pitch: 20.84997
afk: false
