lastAccountName: luckdelli
timestamps:
  login: 1608921037960
  logout: 1608928087197
  lastteleport: 1608922651896
ipAddress: 147.32.96.50
logoutlocation:
  world: world
  x: -2064.196635013855
  y: 71.0
  z: 739.3312939947995
  yaw: 177.75183
  pitch: -2.699979
homes:
  base:
    world: world
    x: -2063.2222951734793
    y: 70.0
    z: 748.687776916096
    yaw: 170.99979
    pitch: 12.2999935
  xp:
    world: world_the_end
    x: 42.88592823398214
    y: 1.0
    z: -296.1745306200467
    yaw: 241.49908
    pitch: 16.350008
  mario:
    world: world
    x: -578.2684502635716
    y: 41.0
    z: 387.7343554061801
    yaw: 110.74951
    pitch: 1.7999353
lastlocation:
  world: world
  x: -580.3725244067043
  y: 35.0
  z: 355.69999998807907
  yaw: 7.555908
  pitch: 0.7500167
afk: false
