lastAccountName: luckdelli
timestamps:
  login: 1616284898534
  logout: 1616285459002
  lastteleport: 1616284980227
ipAddress: 147.32.96.50
logoutlocation:
  world: world
  x: -56.69999998807907
  y: 67.0
  z: 47.594759795639234
  yaw: 105.86682
  pitch: 13.799957
homes:
  base:
    world: world
    x: -2063.2222951734793
    y: 70.0
    z: 748.687776916096
    yaw: 170.99979
    pitch: 12.2999935
  xp:
    world: world_the_end
    x: 42.88592823398214
    y: 1.0
    z: -296.1745306200467
    yaw: 241.49908
    pitch: 16.350008
  rose:
    world: world_the_end
    x: -725.7969462861139
    y: 59.0
    z: -909.8601009999807
    yaw: 55.347115
    pitch: 36.750618
lastlocation:
  world: world
  x: -2063.0594304219985
  y: 70.0
  z: 732.9112055998888
  yaw: 181.34976
  pitch: -1.4999899
afk: false
