lastAccountName: luckdelli
timestamps:
  login: 1607123279656
  logout: 1607123970534
  lastteleport: 1607123462836
ipAddress: 147.32.96.61
logoutlocation:
  world: world
  x: -67.70819341941903
  y: 64.5
  z: 64.91855680489319
  yaw: 314.21924
  pitch: 11.85002
homes:
  base:
    world: world
    x: -2063.2222951734793
    y: 70.0
    z: 748.687776916096
    yaw: 170.99979
    pitch: 12.2999935
  xp:
    world: world_the_end
    x: 42.88592823398214
    y: 1.0
    z: -296.1745306200467
    yaw: 241.49908
    pitch: 16.350008
lastlocation:
  world: world
  x: -2060.300000011921
  y: 70.0
  z: 763.7672974067724
  yaw: 161.10083
  pitch: 3.4499855
afk: false
