lastAccountName: luckdelli
timestamps:
  login: 1611745196007
  logout: 1611745897561
  lastteleport: 1611744883668
ipAddress: 147.32.96.50
logoutlocation:
  world: world
  x: -2043.1913812174907
  y: 70.0
  z: 751.5765210470233
  yaw: 129.90106
  pitch: 5.0998936
homes:
  base:
    world: world
    x: -2063.2222951734793
    y: 70.0
    z: 748.687776916096
    yaw: 170.99979
    pitch: 12.2999935
  xp:
    world: world_the_end
    x: 42.88592823398214
    y: 1.0
    z: -296.1745306200467
    yaw: 241.49908
    pitch: 16.350008
  pil:
    world: world
    x: -3210.587751603909
    y: 78.0
    z: -970.3458444103178
    yaw: 346.8006
    pitch: 20.09996
lastlocation:
  world: world
  x: -46.06640765974891
  y: 69.0
  z: 106.37076620236886
  yaw: 235.76746
  pitch: 17.850021
afk: false
