lastAccountName: luckdelli
timestamps:
  login: 1610651400416
  logout: 1610580902793
  lastteleport: 1610651760357
ipAddress: 147.32.96.62
logoutlocation:
  world: world
  x: -516.9286451637754
  y: 87.125
  z: 413.95902974332444
  yaw: 185.49658
  pitch: 18.000065
homes:
  base:
    world: world
    x: -2063.2222951734793
    y: 70.0
    z: 748.687776916096
    yaw: 170.99979
    pitch: 12.2999935
  xp:
    world: world_the_end
    x: 42.88592823398214
    y: 1.0
    z: -296.1745306200467
    yaw: 241.49908
    pitch: 16.350008
  mario:
    world: world
    x: -463.55828951009534
    y: 96.0
    z: 283.9361033816017
    yaw: -14.284643
    pitch: 52.34997
lastlocation:
  world: world
  x: -2060.3221798575237
  y: 70.0
  z: 764.6335812673013
  yaw: 173.40016
  pitch: 20.699991
afk: false
