lastAccountName: luckdelli
timestamps:
  login: 1606859230992
  logout: 1606871610194
  lastteleport: 1606871166525
ipAddress: 147.32.96.50
logoutlocation:
  world: world
  x: -43.80291439127748
  y: 69.0
  z: 107.95772030593548
  yaw: -274.23367
  pitch: 19.650305
homes:
  base:
    world: world
    x: -2063.2222951734793
    y: 70.0
    z: 748.687776916096
    yaw: 170.99979
    pitch: 12.2999935
  xp:
    world: world_the_end
    x: 42.88592823398214
    y: 1.0
    z: -296.1745306200467
    yaw: 241.49908
    pitch: 16.350008
lastlocation:
  world: world
  x: -124.30000001192093
  y: 37.0
  z: 75.33132019130241
  yaw: 228.11263
  pitch: 9.900023
afk: false
