lastAccountName: luckdelli
timestamps:
  login: 1606383409582
  logout: 1606384263193
  lastteleport: 1606384107070
ipAddress: 147.32.96.50
logoutlocation:
  world: world
  x: -36.202723457863684
  y: 70.0
  z: 99.88441790260889
  yaw: 279.11606
  pitch: 4.2000394
homes:
  base:
    world: world
    x: -2063.2222951734793
    y: 70.0
    z: 748.687776916096
    yaw: 170.99979
    pitch: 12.2999935
lastlocation:
  world: world_the_end
  x: 47.50263081250916
  y: 1.0625
  z: -297.9278645060487
  yaw: 3.4501648
  pitch: 3.2999973
afk: false
