lastAccountName: luckdelli
timestamps:
  login: 1608204829125
  logout: 1608204943116
  lastteleport: 1608204851122
ipAddress: 147.32.96.62
logoutlocation:
  world: world
  x: -65.16535894715142
  y: 64.5
  z: 69.8599463002474
  yaw: -235.38336
  pitch: 5.099977
homes:
  base:
    world: world
    x: -2063.2222951734793
    y: 70.0
    z: 748.687776916096
    yaw: 170.99979
    pitch: 12.2999935
  xp:
    world: world_the_end
    x: 42.88592823398214
    y: 1.0
    z: -296.1745306200467
    yaw: 241.49908
    pitch: 16.350008
lastlocation:
  world: world
  x: -2064.0026272882023
  y: 70.0
  z: 747.8255664505378
  yaw: -117.30081
  pitch: 10.5
afk: false
