lastAccountName: luckdelli
timestamps:
  login: 1612372203712
  logout: 1612357142607
  lastteleport: 1612266916805
ipAddress: 147.32.96.62
logoutlocation:
  world: world
  x: -2070.4493034151033
  y: 85.0
  z: 697.9421669386502
  yaw: 12.449707
  pitch: 25.200075
homes:
  base:
    world: world
    x: -2063.2222951734793
    y: 70.0
    z: 748.687776916096
    yaw: 170.99979
    pitch: 12.2999935
  xp:
    world: world_the_end
    x: 42.88592823398214
    y: 1.0
    z: -296.1745306200467
    yaw: 241.49908
    pitch: 16.350008
  pil:
    world: world
    x: -3210.587751603909
    y: 78.0
    z: -970.3458444103178
    yaw: 346.8006
    pitch: 20.09996
lastlocation:
  world: world
  x: 296.4622653276159
  y: 69.0
  z: -10.063076215909952
  yaw: 266.06635
  pitch: -0.14995456
afk: false
