lastAccountName: luckdelli
timestamps:
  login: 1610892345789
  logout: 1610899116081
  lastteleport: 1610898361252
ipAddress: 147.32.96.62
logoutlocation:
  world: world
  x: -2063.9101928735026
  y: 70.0
  z: 699.4227899876657
  yaw: 359.09778
  pitch: 0.7500327
homes:
  base:
    world: world
    x: -2063.2222951734793
    y: 70.0
    z: 748.687776916096
    yaw: 170.99979
    pitch: 12.2999935
  xp:
    world: world_the_end
    x: 42.88592823398214
    y: 1.0
    z: -296.1745306200467
    yaw: 241.49908
    pitch: 16.350008
  mario:
    world: world
    x: -463.55828951009534
    y: 96.0
    z: 283.9361033816017
    yaw: -14.284643
    pitch: 52.34997
lastlocation:
  world: world_the_end
  x: -5.754149737909601
  y: 60.0
  z: 0.536323179553143
  yaw: 87.59906
  pitch: 25.200035
afk: false
