lastAccountName: luckdelli
timestamps:
  login: 1606855273487
  logout: 1606856701302
  lastteleport: 1606856700119
ipAddress: 147.32.96.50
logoutlocation:
  world: world
  x: -2063.5
  y: 70.0
  z: 748.5
  yaw: 170.99979
  pitch: 12.2999935
homes:
  base:
    world: world
    x: -2063.2222951734793
    y: 70.0
    z: 748.687776916096
    yaw: 170.99979
    pitch: 12.2999935
  xp:
    world: world_the_end
    x: 42.88592823398214
    y: 1.0
    z: -296.1745306200467
    yaw: 241.49908
    pitch: 16.350008
lastlocation:
  world: world
  x: -2026.6365855446368
  y: 79.0
  z: 853.9818081330501
  yaw: 179.69812
  pitch: 7.80002
afk: false
