lastAccountName: luckdelli
timestamps:
  login: 1606347101325
  logout: 1606346518387
  lastteleport: 1606347141367
ipAddress: 147.32.96.50
logoutlocation:
  world: world
  x: 8.826191349399515
  y: 11.0
  z: 107.19655979928132
  yaw: -101.73233
  pitch: 26.250198
homes:
  base:
    world: world
    x: -2063.2222951734793
    y: 70.0
    z: 748.687776916096
    yaw: 170.99979
    pitch: 12.2999935
lastlocation:
  world: world
  x: -2063.466268725047
  y: 70.0
  z: 755.7449736311934
  yaw: 200.39973
  pitch: -8.849974
afk: false
