lastAccountName: luckdelli
timestamps:
  login: 1612823085841
  logout: 1612823857709
  lastteleport: 1612819856854
ipAddress: 147.32.96.62
logoutlocation:
  world: world
  x: -2152.42076699215
  y: 85.0
  z: 722.3645838514258
  yaw: 153.14938
  pitch: 45.59996
homes:
  base:
    world: world
    x: -2063.2222951734793
    y: 70.0
    z: 748.687776916096
    yaw: 170.99979
    pitch: 12.2999935
  xp:
    world: world_the_end
    x: 42.88592823398214
    y: 1.0
    z: -296.1745306200467
    yaw: 241.49908
    pitch: 16.350008
  rose:
    world: world_the_end
    x: -725.7969462861139
    y: 59.0
    z: -909.8601009999807
    yaw: 55.347115
    pitch: 36.750618
lastlocation:
  world: world
  x: -1034.1633718485812
  y: 58.0
  z: 437.30000001192093
  yaw: 150.60062
  pitch: 30.150019
afk: false
