lastAccountName: luckdelli
timestamps:
  login: 1610483030765
  logout: 1610482056939
  lastteleport: 1610483428319
ipAddress: 147.32.96.50
logoutlocation:
  world: world
  x: -518.3717536080931
  y: 81.125
  z: 409.7672654679761
  yaw: 219.27563
  pitch: 32.699993
homes:
  base:
    world: world
    x: -2063.2222951734793
    y: 70.0
    z: 748.687776916096
    yaw: 170.99979
    pitch: 12.2999935
  xp:
    world: world_the_end
    x: 42.88592823398214
    y: 1.0
    z: -296.1745306200467
    yaw: 241.49908
    pitch: 16.350008
  mario:
    world: world
    x: -463.55828951009534
    y: 96.0
    z: 283.9361033816017
    yaw: -14.284643
    pitch: 52.34997
lastlocation:
  world: world
  x: -30.961766147513977
  y: 65.9375
  z: 18.25635987034384
  yaw: 260.81616
  pitch: -4.0499506
afk: false
