lastAccountName: luckdelli
timestamps:
  login: 1607799287820
  logout: 1607123970534
  lastteleport: 1607800229739
ipAddress: 147.32.96.50
logoutlocation:
  world: world
  x: -67.70819341941903
  y: 64.5
  z: 64.91855680489319
  yaw: 314.21924
  pitch: 11.85002
homes:
  base:
    world: world
    x: -2063.2222951734793
    y: 70.0
    z: 748.687776916096
    yaw: 170.99979
    pitch: 12.2999935
  xp:
    world: world_the_end
    x: 42.88592823398214
    y: 1.0
    z: -296.1745306200467
    yaw: 241.49908
    pitch: 16.350008
lastlocation:
  world: world
  x: -56.13797476273641
  y: 39.0
  z: 73.25187365381878
  yaw: 146.0625
  pitch: -9.600096
afk: false
