lastAccountName: luckdelli
timestamps:
  login: 1610551061285
  logout: 1610551591989
  lastteleport: 1610485070274
ipAddress: 147.32.96.62
logoutlocation:
  world: world
  x: -501.0455414959912
  y: 91.0
  z: 413.39854922413264
  yaw: 85.87338
  pitch: 18.150003
homes:
  base:
    world: world
    x: -2063.2222951734793
    y: 70.0
    z: 748.687776916096
    yaw: 170.99979
    pitch: 12.2999935
  xp:
    world: world_the_end
    x: 42.88592823398214
    y: 1.0
    z: -296.1745306200467
    yaw: 241.49908
    pitch: 16.350008
  mario:
    world: world
    x: -463.55828951009534
    y: 96.0
    z: 283.9361033816017
    yaw: -14.284643
    pitch: 52.34997
lastlocation:
  world: world
  x: -2064.7915456127253
  y: 70.0
  z: 766.0790613894677
  yaw: -165.89987
  pitch: 3.299955
afk: false
