lastAccountName: luckdelli
timestamps:
  login: 1612387987694
  logout: 1612392013304
  lastteleport: 1612389390220
ipAddress: 147.32.96.62
logoutlocation:
  world: world
  x: -2097.6286279225437
  y: 76.0
  z: 724.6699308455833
  yaw: 190.05371
  pitch: 10.800072
homes:
  base:
    world: world
    x: -2063.2222951734793
    y: 70.0
    z: 748.687776916096
    yaw: 170.99979
    pitch: 12.2999935
  xp:
    world: world_the_end
    x: 42.88592823398214
    y: 1.0
    z: -296.1745306200467
    yaw: 241.49908
    pitch: 16.350008
  pil:
    world: world
    x: -3210.587751603909
    y: 78.0
    z: -970.3458444103178
    yaw: 346.8006
    pitch: 20.09996
lastlocation:
  world: world_nether
  x: -491.9401510812805
  y: 13.0
  z: 105.69999998807907
  yaw: -70.651566
  pitch: 7.499972
afk: false
