lastAccountName: luckdelli
timestamps:
  login: 1611523206157
  logout: 1611522677559
  lastteleport: 1611435130694
ipAddress: 147.32.96.62
logoutlocation:
  world: world
  x: -2078.6883331059726
  y: 46.0
  z: 732.1377403256971
  yaw: -131.84686
  pitch: -43.949978
homes:
  base:
    world: world
    x: -2063.2222951734793
    y: 70.0
    z: 748.687776916096
    yaw: 170.99979
    pitch: 12.2999935
  xp:
    world: world_the_end
    x: 42.88592823398214
    y: 1.0
    z: -296.1745306200467
    yaw: 241.49908
    pitch: 16.350008
  pil:
    world: world
    x: -3210.587751603909
    y: 78.0
    z: -970.3458444103178
    yaw: 346.8006
    pitch: 20.09996
lastlocation:
  world: world
  x: -2145.177803199399
  y: 64.0
  z: 1221.7085806342566
  yaw: 177.6004
  pitch: -18.600044
afk: false
