lastAccountName: luckdelli
timestamps:
  login: 1609768446104
  logout: 1609784937192
  lastteleport: 1609784805077
ipAddress: 147.32.96.62
logoutlocation:
  world: world
  x: -551.607079214657
  y: 92.0
  z: 310.84248796425254
  yaw: 18.900269
  pitch: 2.7001762
homes:
  base:
    world: world
    x: -2063.2222951734793
    y: 70.0
    z: 748.687776916096
    yaw: 170.99979
    pitch: 12.2999935
  xp:
    world: world_the_end
    x: 42.88592823398214
    y: 1.0
    z: -296.1745306200467
    yaw: 241.49908
    pitch: 16.350008
  mario:
    world: world
    x: -463.55828951009534
    y: 96.0
    z: 283.9361033816017
    yaw: -14.284643
    pitch: 52.34997
lastlocation:
  world: world_nether
  x: -15.051020981192295
  y: 65.5
  z: 1.4827699335210174
  yaw: 217.49977
  pitch: 8.700014
afk: false
