lastAccountName: luckdelli
timestamps:
  login: 1612474726234
  logout: 1612514432755
  lastteleport: 1612482921797
ipAddress: 147.32.96.62
logoutlocation:
  world: world
  x: -2059.073202766648
  y: 75.0
  z: 758.7852776817501
  yaw: 139.20105
  pitch: 23.84997
homes:
  base:
    world: world
    x: -2063.2222951734793
    y: 70.0
    z: 748.687776916096
    yaw: 170.99979
    pitch: 12.2999935
  xp:
    world: world_the_end
    x: 42.88592823398214
    y: 1.0
    z: -296.1745306200467
    yaw: 241.49908
    pitch: 16.350008
  pil:
    world: world
    x: -3210.587751603909
    y: 78.0
    z: -970.3458444103178
    yaw: 346.8006
    pitch: 20.09996
lastlocation:
  world: world_nether
  x: 180.30000001192093
  y: 60.0
  z: -736.5929888602124
  yaw: 10.352051
  pitch: -1.3501529
afk: false
