lastAccountName: luckdelli
timestamps:
  login: 1610817778808
  logout: 1610824863048
  lastteleport: 1610823697421
ipAddress: 147.32.96.62
logoutlocation:
  world: world
  x: -2062.085361908228
  y: 102.0
  z: 688.3449765908385
  yaw: -275.2539
  pitch: 88.79999
homes:
  base:
    world: world
    x: -2063.2222951734793
    y: 70.0
    z: 748.687776916096
    yaw: 170.99979
    pitch: 12.2999935
  xp:
    world: world_the_end
    x: 42.88592823398214
    y: 1.0
    z: -296.1745306200467
    yaw: 241.49908
    pitch: 16.350008
  mario:
    world: world
    x: -463.55828951009534
    y: 96.0
    z: 283.9361033816017
    yaw: -14.284643
    pitch: 52.34997
lastlocation:
  world: world_nether
  x: -369.6693198023993
  y: 68.0
  z: -50.04843339660576
  yaw: 179.69849
  pitch: -3.450033
afk: false
