lastAccountName: luckdelli
timestamps:
  login: 1607115348383
  logout: 1607040336603
  lastteleport: 1607119122533
ipAddress: 147.32.96.61
logoutlocation:
  world: world
  x: -59.22528670977774
  y: 56.0
  z: 71.59116949201544
  yaw: -216.7914
  pitch: 19.35054
homes:
  base:
    world: world
    x: -2063.2222951734793
    y: 70.0
    z: 748.687776916096
    yaw: 170.99979
    pitch: 12.2999935
  xp:
    world: world_the_end
    x: 42.88592823398214
    y: 1.0
    z: -296.1745306200467
    yaw: 241.49908
    pitch: 16.350008
lastlocation:
  world: world
  x: -67.42388618709656
  y: 36.0
  z: 70.55907145999228
  yaw: 140.24384
  pitch: 15.00022
afk: false
