lastAccountName: luckdelli
timestamps:
  login: 1608472065964
  logout: 1608472064311
  lastteleport: 1608474232589
ipAddress: 147.32.96.50
logoutlocation:
  world: world
  x: -635.6999999880791
  y: 55.0
  z: 404.69999998807907
  yaw: 318.75003
  pitch: 52.64999
homes:
  base:
    world: world
    x: -2063.2222951734793
    y: 70.0
    z: 748.687776916096
    yaw: 170.99979
    pitch: 12.2999935
  xp:
    world: world_the_end
    x: 42.88592823398214
    y: 1.0
    z: -296.1745306200467
    yaw: 241.49908
    pitch: 16.350008
lastlocation:
  world: world
  x: -562.6999999880791
  y: 94.0
  z: 339.6260250386329
  yaw: 351.2983
  pitch: 2.249943
afk: false
