lastAccountName: luckdelli
timestamps:
  login: 1612196271658
  logout: 1612201103761
  lastteleport: 1612199079933
ipAddress: 147.32.96.62
logoutlocation:
  world: world
  x: -2040.5493324161737
  y: 12.0
  z: 727.1161117885815
  yaw: -227.39734
  pitch: 20.250183
homes:
  base:
    world: world
    x: -2063.2222951734793
    y: 70.0
    z: 748.687776916096
    yaw: 170.99979
    pitch: 12.2999935
  xp:
    world: world_the_end
    x: 42.88592823398214
    y: 1.0
    z: -296.1745306200467
    yaw: 241.49908
    pitch: 16.350008
  pil:
    world: world
    x: -3210.587751603909
    y: 78.0
    z: -970.3458444103178
    yaw: 346.8006
    pitch: 20.09996
lastlocation:
  world: world
  x: -31.76157652627976
  y: 66.0
  z: 63.06211613448155
  yaw: -195.93625
  pitch: 12.450137
afk: false
