lastAccountName: luckdelli
timestamps:
  login: 1609625931995
  logout: 1609629889339
  lastteleport: 1609629214593
ipAddress: 147.32.96.62
logoutlocation:
  world: world
  x: -564.0326873444565
  y: 95.0
  z: 356.58197276550135
  yaw: 177.6615
  pitch: 29.999907
homes:
  base:
    world: world
    x: -2063.2222951734793
    y: 70.0
    z: 748.687776916096
    yaw: 170.99979
    pitch: 12.2999935
  xp:
    world: world_the_end
    x: 42.88592823398214
    y: 1.0
    z: -296.1745306200467
    yaw: 241.49908
    pitch: 16.350008
  mario:
    world: world
    x: -578.2684502635716
    y: 41.0
    z: 387.7343554061801
    yaw: 110.74951
    pitch: 1.7999353
lastlocation:
  world: world
  x: -2064.7942321949977
  y: 70.0
  z: 752.9264584506242
  yaw: 73.799805
  pitch: 5.999991
afk: false
