lastAccountName: luckdelli
timestamps:
  login: 1612026637803
  logout: 1612026615201
  lastteleport: 1612028156807
ipAddress: 147.32.96.62
logoutlocation:
  world: world
  x: -78.5
  y: 69.0
  z: 30.5
  yaw: -269.7336
  pitch: -19.800022
homes:
  base:
    world: world
    x: -2063.2222951734793
    y: 70.0
    z: 748.687776916096
    yaw: 170.99979
    pitch: 12.2999935
  xp:
    world: world_the_end
    x: 42.88592823398214
    y: 1.0
    z: -296.1745306200467
    yaw: 241.49908
    pitch: 16.350008
  pil:
    world: world
    x: -3210.587751603909
    y: 78.0
    z: -970.3458444103178
    yaw: 346.8006
    pitch: 20.09996
lastlocation:
  world: world
  x: -2083.699999988079
  y: 11.0
  z: 874.3930978294873
  yaw: 154.20212
  pitch: 10.049877
afk: false
