lastAccountName: luckdelli
timestamps:
  login: 1605537516995
  logout: 1605539131916
  lastteleport: 1605537812565
ipAddress: 147.32.96.50
logoutlocation:
  world: world
  x: -2052.093405932275
  y: 70.0
  z: 722.8056187533773
  yaw: 93.44862
  pitch: 33.750057
homes:
  base:
    world: world
    x: -2063.2222951734793
    y: 70.0
    z: 748.687776916096
    yaw: 170.99979
    pitch: 12.2999935
lastlocation:
  world: world
  x: -2042.7461029985047
  y: 68.0
  z: 679.3000000119209
  yaw: -9.450745
  pitch: -48.900005
afk: false
