lastAccountName: luckdelli
timestamps:
  login: 1609768446104
  logout: 1609629889339
  lastteleport: 1609779327634
ipAddress: 147.32.96.62
logoutlocation:
  world: world
  x: -564.0326873444565
  y: 95.0
  z: 356.58197276550135
  yaw: 177.6615
  pitch: 29.999907
homes:
  base:
    world: world
    x: -2063.2222951734793
    y: 70.0
    z: 748.687776916096
    yaw: 170.99979
    pitch: 12.2999935
  xp:
    world: world_the_end
    x: 42.88592823398214
    y: 1.0
    z: -296.1745306200467
    yaw: 241.49908
    pitch: 16.350008
  mario:
    world: world
    x: -463.55828951009534
    y: 96.0
    z: 283.9361033816017
    yaw: -14.284643
    pitch: 52.34997
lastlocation:
  world: world
  x: -2063.6535526839357
  y: 70.0
  z: 746.8616536521789
  yaw: 185.99977
  pitch: -8.100008
afk: false
