lastAccountName: luckdelli
timestamps:
  login: 1610660619174
  logout: 1610660616906
  lastteleport: 1610658493365
ipAddress: 147.32.96.50
logoutlocation:
  world: world
  x: -2045.9771227173042
  y: 64.0
  z: 741.5
  yaw: 148.7994
  pitch: 47.549976
homes:
  base:
    world: world
    x: -2063.2222951734793
    y: 70.0
    z: 748.687776916096
    yaw: 170.99979
    pitch: 12.2999935
  xp:
    world: world_the_end
    x: 42.88592823398214
    y: 1.0
    z: -296.1745306200467
    yaw: 241.49908
    pitch: 16.350008
  mario:
    world: world
    x: -463.55828951009534
    y: 96.0
    z: 283.9361033816017
    yaw: -14.284643
    pitch: 52.34997
lastlocation:
  world: world
  x: -1269.7997313817282
  y: 141.95966280674176
  z: 2709.088149754399
  yaw: 266.25314
  pitch: -24.750013
afk: false
