lastAccountName: luckdelli
timestamps:
  login: 1609104572430
  logout: 1609104532142
  lastteleport: 1609106702900
ipAddress: 147.32.96.50
logoutlocation:
  world: world
  x: -2063.2136074784553
  y: 70.0
  z: 754.2642821026175
  yaw: -207.90039
  pitch: 13.799932
homes:
  base:
    world: world
    x: -2063.2222951734793
    y: 70.0
    z: 748.687776916096
    yaw: 170.99979
    pitch: 12.2999935
  xp:
    world: world_the_end
    x: 42.88592823398214
    y: 1.0
    z: -296.1745306200467
    yaw: 241.49908
    pitch: 16.350008
  mario:
    world: world
    x: -578.2684502635716
    y: 41.0
    z: 387.7343554061801
    yaw: 110.74951
    pitch: 1.7999353
lastlocation:
  world: world
  x: -2063.856731180698
  y: 70.0
  z: 756.0743400887013
  yaw: 180.29974
  pitch: 0.5999776
afk: false
