lastAccountName: luckdelli
timestamps:
  login: 1610478981186
  logout: 1610478559391
  lastteleport: 1610478072714
ipAddress: 147.32.96.50
logoutlocation:
  world: world
  x: -519.3000000119208
  y: 88.0
  z: 396.63438723634056
  yaw: 284.9995
  pitch: 22.35019
homes:
  base:
    world: world
    x: -2063.2222951734793
    y: 70.0
    z: 748.687776916096
    yaw: 170.99979
    pitch: 12.2999935
  xp:
    world: world_the_end
    x: 42.88592823398214
    y: 1.0
    z: -296.1745306200467
    yaw: 241.49908
    pitch: 16.350008
  mario:
    world: world
    x: -463.55828951009534
    y: 96.0
    z: 283.9361033816017
    yaw: -14.284643
    pitch: 52.34997
lastlocation:
  world: world
  x: -132.63349574324303
  y: 36.0
  z: 75.91515265654067
  yaw: 190.91644
  pitch: 8.99998
afk: false
