lastAccountName: luckdelli
timestamps:
  login: 1609098074249
  logout: 1609029562594
  lastteleport: 1609101105929
ipAddress: 147.32.96.50
logoutlocation:
  world: world
  x: -2061.848656418879
  y: 70.0
  z: 743.2733967263455
  yaw: -0.6010096
  pitch: 12.45003
homes:
  base:
    world: world
    x: -2063.2222951734793
    y: 70.0
    z: 748.687776916096
    yaw: 170.99979
    pitch: 12.2999935
  xp:
    world: world_the_end
    x: 42.88592823398214
    y: 1.0
    z: -296.1745306200467
    yaw: 241.49908
    pitch: 16.350008
  mario:
    world: world
    x: -578.2684502635716
    y: 41.0
    z: 387.7343554061801
    yaw: 110.74951
    pitch: 1.7999353
lastlocation:
  world: world
  x: -619.2685958794558
  y: 44.0
  z: 378.9098999060928
  yaw: 75.20581
  pitch: -11.399945
afk: true
