lastAccountName: luckdelli
timestamps:
  login: 1612544142700
  logout: 1612544650612
  lastteleport: 1612544599080
ipAddress: 147.32.96.62
logoutlocation:
  world: world
  x: -2062.4961013608395
  y: 70.0
  z: 747.6241446375462
  yaw: -174.0003
  pitch: 10.499958
homes:
  base:
    world: world
    x: -2063.2222951734793
    y: 70.0
    z: 748.687776916096
    yaw: 170.99979
    pitch: 12.2999935
  xp:
    world: world_the_end
    x: 42.88592823398214
    y: 1.0
    z: -296.1745306200467
    yaw: 241.49908
    pitch: 16.350008
  rose:
    world: world_the_end
    x: -725.7969462861139
    y: 59.0
    z: -909.8601009999807
    yaw: 55.347115
    pitch: 36.750618
lastlocation:
  world: world_the_end
  x: -721.1822754290115
  y: 62.0625
  z: -912.3000000119209
  yaw: 231.30438
  pitch: 6.6000075
afk: false
