lastAccountName: luckdelli
timestamps:
  login: 1611257906029
  logout: 1611179462612
  lastteleport: 1611260455166
ipAddress: 147.32.96.62
logoutlocation:
  world: world
  x: -119.62379375655706
  y: 71.0
  z: 32.23052914978838
  yaw: -133.98325
  pitch: -3.299994
homes:
  base:
    world: world
    x: -2063.2222951734793
    y: 70.0
    z: 748.687776916096
    yaw: 170.99979
    pitch: 12.2999935
  xp:
    world: world_the_end
    x: 42.88592823398214
    y: 1.0
    z: -296.1745306200467
    yaw: 241.49908
    pitch: 16.350008
  mario:
    world: world
    x: -463.55828951009534
    y: 96.0
    z: 283.9361033816017
    yaw: -14.284643
    pitch: 52.34997
lastlocation:
  world: world
  x: -2063.7956414570936
  y: 63.0
  z: 752.3220732201149
  yaw: -181.95135
  pitch: 2.8500245
afk: false
