lastAccountName: luckdelli
timestamps:
  login: 1610918978543
  logout: 1610921221451
  lastteleport: 1610921042623
ipAddress: 147.32.96.62
logoutlocation:
  world: world
  x: -42.41902885294477
  y: 69.0
  z: 103.28957973982592
  yaw: -207.7828
  pitch: 22.350027
homes:
  base:
    world: world
    x: -2063.2222951734793
    y: 70.0
    z: 748.687776916096
    yaw: 170.99979
    pitch: 12.2999935
  xp:
    world: world_the_end
    x: 42.88592823398214
    y: 1.0
    z: -296.1745306200467
    yaw: 241.49908
    pitch: 16.350008
  mario:
    world: world
    x: -463.55828951009534
    y: 96.0
    z: 283.9361033816017
    yaw: -14.284643
    pitch: 52.34997
lastlocation:
  world: world
  x: -2060.1587115259345
  y: 70.0
  z: 735.9113431515972
  yaw: 291.5993
  pitch: 28.050137
afk: false
