lastAccountName: luckdelli
timestamps:
  login: 1606383409582
  logout: 1606347790948
  lastteleport: 1606347785230
ipAddress: 147.32.96.50
logoutlocation:
  world: world
  x: -2062.766241829368
  y: 70.0
  z: 746.8975488833423
  yaw: 52.64979
  pitch: 6.1499877
homes:
  base:
    world: world
    x: -2063.2222951734793
    y: 70.0
    z: 748.687776916096
    yaw: 170.99979
    pitch: 12.2999935
lastlocation:
  world: world
  x: 15.093363388582123
  y: 11.0
  z: 105.10281963997791
  yaw: -17.433197
  pitch: 14.9999275
afk: false
