lastAccountName: luckdelli
timestamps:
  login: 1607115348383
  logout: 1607123208176
  lastteleport: 1607123134056
ipAddress: 147.32.96.61
logoutlocation:
  world: world
  x: -2016.6903556677953
  y: 72.0
  z: 850.2442357195281
  yaw: -13.349934
  pitch: 6.0000525
homes:
  base:
    world: world
    x: -2063.2222951734793
    y: 70.0
    z: 748.687776916096
    yaw: 170.99979
    pitch: 12.2999935
  xp:
    world: world_the_end
    x: 42.88592823398214
    y: 1.0
    z: -296.1745306200467
    yaw: 241.49908
    pitch: 16.350008
lastlocation:
  world: world
  x: -63.24367583117884
  y: 57.0
  z: 66.1543208738431
  yaw: -38.732544
  pitch: 14.999846
afk: false
