lastAccountName: luckdelli
timestamps:
  login: 1608311105401
  logout: 1608311520912
  lastteleport: 1608240166743
ipAddress: 147.32.96.62
logoutlocation:
  world: world
  x: -618.1052756816331
  y: 64.0
  z: 424.42851004135656
  yaw: 197.85242
  pitch: 28.500004
homes:
  base:
    world: world
    x: -2063.2222951734793
    y: 70.0
    z: 748.687776916096
    yaw: 170.99979
    pitch: 12.2999935
  xp:
    world: world_the_end
    x: 42.88592823398214
    y: 1.0
    z: -296.1745306200467
    yaw: 241.49908
    pitch: 16.350008
lastlocation:
  world: world
  x: -2064.086453467456
  y: 70.0
  z: 749.7882593542471
  yaw: -172.79987
  pitch: -12.000016
afk: false
