lastAccountName: luckdelli
timestamps:
  login: 1612532467309
  logout: 1612514432755
  lastteleport: 1612537340412
ipAddress: 147.32.96.62
logoutlocation:
  world: world
  x: -2059.073202766648
  y: 75.0
  z: 758.7852776817501
  yaw: 139.20105
  pitch: 23.84997
homes:
  base:
    world: world
    x: -2063.2222951734793
    y: 70.0
    z: 748.687776916096
    yaw: 170.99979
    pitch: 12.2999935
  xp:
    world: world_the_end
    x: 42.88592823398214
    y: 1.0
    z: -296.1745306200467
    yaw: 241.49908
    pitch: 16.350008
  rose:
    world: world_the_end
    x: -725.7969462861139
    y: 59.0
    z: -909.8601009999807
    yaw: 55.347115
    pitch: 36.750618
lastlocation:
  world: world
  x: -2064.680229415598
  y: 70.0
  z: 764.010166255072
  yaw: 204.29964
  pitch: 27.29997
afk: false
