lastAccountName: luckdelli
timestamps:
  login: 1606947972666
  logout: 1606947826021
  lastteleport: 1606947997274
ipAddress: 147.32.96.61
logoutlocation:
  world: world
  x: -58.69999998807907
  y: 42.0
  z: 68.30000001192093
  yaw: -213.47833
  pitch: 23.39998
homes:
  base:
    world: world
    x: -2063.2222951734793
    y: 70.0
    z: 748.687776916096
    yaw: 170.99979
    pitch: 12.2999935
  xp:
    world: world_the_end
    x: 42.88592823398214
    y: 1.0
    z: -296.1745306200467
    yaw: 241.49908
    pitch: 16.350008
lastlocation:
  world: world
  x: -58.69999998807907
  y: 42.0
  z: 68.30000001192093
  yaw: 100.92173
  pitch: -19.20003
afk: false
