lastAccountName: luckdelli
timestamps:
  login: 1610660619174
  logout: 1610663970499
  lastteleport: 1610663965215
ipAddress: 147.32.96.50
logoutlocation:
  world: world
  x: -2063.0904144056653
  y: 70.0
  z: 758.960757211172
  yaw: 349.35004
  pitch: 24.749987
homes:
  base:
    world: world
    x: -2063.2222951734793
    y: 70.0
    z: 748.687776916096
    yaw: 170.99979
    pitch: 12.2999935
  xp:
    world: world_the_end
    x: 42.88592823398214
    y: 1.0
    z: -296.1745306200467
    yaw: 241.49908
    pitch: 16.350008
  mario:
    world: world
    x: -463.55828951009534
    y: 96.0
    z: 283.9361033816017
    yaw: -14.284643
    pitch: 52.34997
lastlocation:
  world: world_nether
  x: 93.07859076602502
  y: 62.0
  z: -613.913273039925
  yaw: -176.98299
  pitch: 43.800255
afk: false
