lastAccountName: luckdelli
timestamps:
  login: 1608674045924
  logout: 1608682472239
  lastteleport: 1608679420741
ipAddress: 147.32.96.50
logoutlocation:
  world: world
  x: -511.7494995386504
  y: 91.0
  z: 413.71365504866884
  yaw: 355.05206
  pitch: -1.050023
homes:
  base:
    world: world
    x: -2063.2222951734793
    y: 70.0
    z: 748.687776916096
    yaw: 170.99979
    pitch: 12.2999935
  xp:
    world: world_the_end
    x: 42.88592823398214
    y: 1.0
    z: -296.1745306200467
    yaw: 241.49908
    pitch: 16.350008
  mario:
    world: world
    x: -454.9269317430982
    y: 92.0
    z: 285.6477853136434
    yaw: 358.96155
    pitch: 39.30002
lastlocation:
  world: world
  x: -1930.0620451436746
  y: 56.0
  z: 866.8634248099618
  yaw: 94.34979
  pitch: -12.900032
afk: false
