lastAccountName: luckdelli
timestamps:
  login: 1611428101042
  logout: 1611431659196
  lastteleport: 1611430861229
ipAddress: 147.32.96.62
logoutlocation:
  world: world
  x: -2039.699999988079
  y: 119.0
  z: 681.6011545223001
  yaw: 270.9005
  pitch: 11.99999
homes:
  base:
    world: world
    x: -2063.2222951734793
    y: 70.0
    z: 748.687776916096
    yaw: 170.99979
    pitch: 12.2999935
  xp:
    world: world_the_end
    x: 42.88592823398214
    y: 1.0
    z: -296.1745306200467
    yaw: 241.49908
    pitch: 16.350008
  pil:
    world: world
    x: -3210.587751603909
    y: 78.0
    z: -970.3458444103178
    yaw: 346.8006
    pitch: 20.09996
lastlocation:
  world: world
  x: -109.39691134445502
  y: 69.9375
  z: 31.26985859390952
  yaw: 272.36624
  pitch: 13.199956
afk: false
