lastAccountName: luckdelli
timestamps:
  login: 1611741104780
  logout: 1611741101424
  lastteleport: 1611666698913
ipAddress: 147.32.96.50
logoutlocation:
  world: world
  x: -2046.9174504143998
  y: 12.0
  z: 745.0525411198829
  yaw: 104.8329
  pitch: 21.450249
homes:
  base:
    world: world
    x: -2063.2222951734793
    y: 70.0
    z: 748.687776916096
    yaw: 170.99979
    pitch: 12.2999935
  xp:
    world: world_the_end
    x: 42.88592823398214
    y: 1.0
    z: -296.1745306200467
    yaw: 241.49908
    pitch: 16.350008
  pil:
    world: world
    x: -3210.587751603909
    y: 78.0
    z: -970.3458444103178
    yaw: 346.8006
    pitch: 20.09996
lastlocation:
  world: world_nether
  x: -457.30668855787894
  y: 63.0
  z: -27.934301636591734
  yaw: 19.950867
  pitch: 27.900028
afk: false
