lastAccountName: luckdelli
timestamps:
  login: 1608581189409
  logout: 1608580693461
  lastteleport: 1608581214265
ipAddress: 147.32.96.50
logoutlocation:
  world: world
  x: -481.693966866472
  y: 65.0
  z: 372.39825919970417
  yaw: 282.6151
  pitch: 19.050003
homes:
  base:
    world: world
    x: -2063.2222951734793
    y: 70.0
    z: 748.687776916096
    yaw: 170.99979
    pitch: 12.2999935
  xp:
    world: world_the_end
    x: 42.88592823398214
    y: 1.0
    z: -296.1745306200467
    yaw: 241.49908
    pitch: 16.350008
  mario:
    world: world
    x: -454.9269317430982
    y: 92.0
    z: 285.6477853136434
    yaw: 358.96155
    pitch: 39.30002
lastlocation:
  world: world
  x: -470.69999998807907
  y: 74.09686117333993
  z: 455.69999998807907
  yaw: 6.46514
  pitch: 2.2500007
afk: false
