lastAccountName: luckdelli
timestamps:
  login: 1609967096880
  logout: 1609961975991
  lastteleport: 1609967838099
ipAddress: 147.32.96.50
logoutlocation:
  world: world
  x: -518.6443670172264
  y: 66.0
  z: 466.2461950435868
  yaw: 6.42395
  pitch: -58.50003
homes:
  base:
    world: world
    x: -2063.2222951734793
    y: 70.0
    z: 748.687776916096
    yaw: 170.99979
    pitch: 12.2999935
  xp:
    world: world_the_end
    x: 42.88592823398214
    y: 1.0
    z: -296.1745306200467
    yaw: 241.49908
    pitch: 16.350008
  mario:
    world: world
    x: -463.55828951009534
    y: 96.0
    z: 283.9361033816017
    yaw: -14.284643
    pitch: 52.34997
lastlocation:
  world: world
  x: -457.90914681780123
  y: 95.0
  z: 286.92500001192093
  yaw: -150.59389
  pitch: 14.100015
afk: false
