lastAccountName: luckdelli
timestamps:
  login: 1612196271658
  logout: 1612196270597
  lastteleport: 1612030517357
ipAddress: 147.32.96.62
logoutlocation:
  world: world
  x: -2084.300000011921
  y: 11.0
  z: 781.6999999880791
  yaw: -163.80028
  pitch: 6.149944
homes:
  base:
    world: world
    x: -2063.2222951734793
    y: 70.0
    z: 748.687776916096
    yaw: 170.99979
    pitch: 12.2999935
  xp:
    world: world_the_end
    x: 42.88592823398214
    y: 1.0
    z: -296.1745306200467
    yaw: 241.49908
    pitch: 16.350008
  pil:
    world: world
    x: -3210.587751603909
    y: 78.0
    z: -970.3458444103178
    yaw: 346.8006
    pitch: 20.09996
lastlocation:
  world: world
  x: -2083.368505212027
  y: 11.0
  z: 590.9041058307831
  yaw: 183.75464
  pitch: 2.3999467
afk: false
