lastAccountName: luckdelli
timestamps:
  login: 1611263928471
  logout: 1611267262114
  lastteleport: 1611264505183
ipAddress: 147.32.96.62
logoutlocation:
  world: world
  x: -2062.65252443144
  y: 70.0
  z: 751.2329503073004
  yaw: 196.50134
  pitch: 29.849987
homes:
  base:
    world: world
    x: -2063.2222951734793
    y: 70.0
    z: 748.687776916096
    yaw: 170.99979
    pitch: 12.2999935
  xp:
    world: world_the_end
    x: 42.88592823398214
    y: 1.0
    z: -296.1745306200467
    yaw: 241.49908
    pitch: 16.350008
  mario:
    world: world
    x: -463.55828951009534
    y: 96.0
    z: 283.9361033816017
    yaw: -14.284643
    pitch: 52.34997
lastlocation:
  world: world_nether
  x: -26.59344771020122
  y: 63.0
  z: -11.126589074628992
  yaw: 8.700176
  pitch: 4.2058527E-5
afk: false
