lastAccountName: luckdelli
timestamps:
  login: 1610052253904
  logout: 1609971129090
  lastteleport: 1610054877873
ipAddress: 147.32.96.62
logoutlocation:
  world: world
  x: -509.59150948160374
  y: 95.0
  z: 256.6306526142538
  yaw: 81.266846
  pitch: 78.600006
homes:
  base:
    world: world
    x: -2063.2222951734793
    y: 70.0
    z: 748.687776916096
    yaw: 170.99979
    pitch: 12.2999935
  xp:
    world: world_the_end
    x: 42.88592823398214
    y: 1.0
    z: -296.1745306200467
    yaw: 241.49908
    pitch: 16.350008
  mario:
    world: world
    x: -463.55828951009534
    y: 96.0
    z: 283.9361033816017
    yaw: -14.284643
    pitch: 52.34997
lastlocation:
  world: world
  x: -2063.321047149506
  y: 71.0
  z: 743.6767976140552
  yaw: 95.24971
  pitch: 22.050001
afk: false
