lastAccountName: luckdelli
timestamps:
  login: 1607799287820
  logout: 1607807554023
  lastteleport: 1607807328986
ipAddress: 147.32.96.50
logoutlocation:
  world: world
  x: -2064.0026272882023
  y: 70.0
  z: 747.8255664505378
  yaw: 81.14923
  pitch: -21.750004
homes:
  base:
    world: world
    x: -2063.2222951734793
    y: 70.0
    z: 748.687776916096
    yaw: 170.99979
    pitch: 12.2999935
  xp:
    world: world_the_end
    x: 42.88592823398214
    y: 1.0
    z: -296.1745306200467
    yaw: 241.49908
    pitch: 16.350008
lastlocation:
  world: world
  x: -74.12615787403685
  y: 71.0
  z: 65.15878377913799
  yaw: -270.63342
  pitch: 7.199981
afk: false
