lastAccountName: luckdelli
timestamps:
  login: 1606950043135
  logout: 1606949831503
  lastteleport: 1606952092279
ipAddress: 147.32.96.61
logoutlocation:
  world: world
  x: -58.82727289168287
  y: 44.0
  z: 68.4989907613668
  yaw: 27.86731
  pitch: 33.149925
homes:
  base:
    world: world
    x: -2063.2222951734793
    y: 70.0
    z: 748.687776916096
    yaw: 170.99979
    pitch: 12.2999935
  xp:
    world: world_the_end
    x: 42.88592823398214
    y: 1.0
    z: -296.1745306200467
    yaw: 241.49908
    pitch: 16.350008
lastlocation:
  world: world
  x: -2063.086535746247
  y: 70.0
  z: 750.6596756572435
  yaw: 179.54977
  pitch: -21.150002
afk: false
