lastAccountName: luckdelli
timestamps:
  login: 1609192473795
  logout: 1609192475300
  lastteleport: 1609111227900
ipAddress: 147.32.96.62
logoutlocation:
  world: world
  x: -616.6999999880791
  y: 38.0
  z: 361.4971561356474
  yaw: 278.15747
  pitch: -13.499963
homes:
  base:
    world: world
    x: -2063.2222951734793
    y: 70.0
    z: 748.687776916096
    yaw: 170.99979
    pitch: 12.2999935
  xp:
    world: world_the_end
    x: 42.88592823398214
    y: 1.0
    z: -296.1745306200467
    yaw: 241.49908
    pitch: 16.350008
  mario:
    world: world
    x: -578.2684502635716
    y: 41.0
    z: 387.7343554061801
    yaw: 110.74951
    pitch: 1.7999353
lastlocation:
  world: world
  x: -2064.337712168801
  y: 70.0
  z: 754.9205504096185
  yaw: 214.04991
  pitch: -4.650002
afk: false
