lastAccountName: luckdelli
timestamps:
  login: 1607033176695
  logout: 1607040336603
  lastteleport: 1607037610064
ipAddress: 147.32.96.61
logoutlocation:
  world: world
  x: -59.22528670977774
  y: 56.0
  z: 71.59116949201544
  yaw: -216.7914
  pitch: 19.35054
homes:
  base:
    world: world
    x: -2063.2222951734793
    y: 70.0
    z: 748.687776916096
    yaw: 170.99979
    pitch: 12.2999935
  xp:
    world: world_the_end
    x: 42.88592823398214
    y: 1.0
    z: -296.1745306200467
    yaw: 241.49908
    pitch: 16.350008
lastlocation:
  world: world
  x: -2062.300000011921
  y: 70.0
  z: 758.314443633622
  yaw: 249.59985
  pitch: 18.599985
afk: false
