lastAccountName: luckdelli
timestamps:
  login: 1608505479961
  logout: 1608478332222
  lastteleport: 1608506195422
ipAddress: 147.32.96.50
logoutlocation:
  world: world
  x: -511.0201797491052
  y: 95.0
  z: 413.69999998807907
  yaw: -79.05017
  pitch: 34.199917
homes:
  base:
    world: world
    x: -2063.2222951734793
    y: 70.0
    z: 748.687776916096
    yaw: 170.99979
    pitch: 12.2999935
  xp:
    world: world_the_end
    x: 42.88592823398214
    y: 1.0
    z: -296.1745306200467
    yaw: 241.49908
    pitch: 16.350008
lastlocation:
  world: world
  x: -2063.0660836640304
  y: 71.0
  z: 759.8147253580199
  yaw: 189.44981
  pitch: -1.8000087
afk: false
