lastAccountName: luckdelli
timestamps:
  login: 1608236553378
  logout: 1608204943116
  lastteleport: 1608238505689
ipAddress: 147.32.96.62
logoutlocation:
  world: world
  x: -65.16535894715142
  y: 64.5
  z: 69.8599463002474
  yaw: -235.38336
  pitch: 5.099977
homes:
  base:
    world: world
    x: -2063.2222951734793
    y: 70.0
    z: 748.687776916096
    yaw: 170.99979
    pitch: 12.2999935
  xp:
    world: world_the_end
    x: 42.88592823398214
    y: 1.0
    z: -296.1745306200467
    yaw: 241.49908
    pitch: 16.350008
lastlocation:
  world: world_the_end
  x: 47.94587469557933
  y: 1.0
  z: -296.0325907617912
  yaw: 3.8992012
  pitch: 15.89999
afk: false
