lastAccountName: luckdelli
timestamps:
  login: 1612474726234
  logout: 1612431754706
  lastteleport: 1612479487016
ipAddress: 147.32.96.62
logoutlocation:
  world: world
  x: -2094.2783530740116
  y: 80.88915676831542
  z: 722.0301064870933
  yaw: 268.49976
  pitch: -0.44995695
homes:
  base:
    world: world
    x: -2063.2222951734793
    y: 70.0
    z: 748.687776916096
    yaw: 170.99979
    pitch: 12.2999935
  xp:
    world: world_the_end
    x: 42.88592823398214
    y: 1.0
    z: -296.1745306200467
    yaw: 241.49908
    pitch: 16.350008
  pil:
    world: world
    x: -3210.587751603909
    y: 78.0
    z: -970.3458444103178
    yaw: 346.8006
    pitch: 20.09996
lastlocation:
  world: world
  x: -2062.0600817104046
  y: 71.0
  z: 744.3945512856153
  yaw: 204.90042
  pitch: -0.90001136
afk: false
