lastAccountName: luckdelli
timestamps:
  login: 1609625931995
  logout: 1609273753926
  lastteleport: 1609628298241
ipAddress: 147.32.96.62
logoutlocation:
  world: world
  x: -598.8410620765782
  y: 37.0
  z: 378.9331302874311
  yaw: 220.84937
  pitch: 25.34999
homes:
  base:
    world: world
    x: -2063.2222951734793
    y: 70.0
    z: 748.687776916096
    yaw: 170.99979
    pitch: 12.2999935
  xp:
    world: world_the_end
    x: 42.88592823398214
    y: 1.0
    z: -296.1745306200467
    yaw: 241.49908
    pitch: 16.350008
  mario:
    world: world
    x: -578.2684502635716
    y: 41.0
    z: 387.7343554061801
    yaw: 110.74951
    pitch: 1.7999353
lastlocation:
  world: world
  x: -619.4447357550629
  y: 44.0
  z: 378.91006942315164
  yaw: 107.5986
  pitch: 21.300076
afk: false
