lastAccountName: luckdelli
timestamps:
  login: 1609956450739
  logout: 1609956449290
  lastteleport: 1609959036968
ipAddress: 147.32.96.50
logoutlocation:
  world: world
  x: -555.5821484190052
  y: 92.0
  z: 324.62328272580794
  yaw: 174.45038
  pitch: 23.850271
homes:
  base:
    world: world
    x: -2063.2222951734793
    y: 70.0
    z: 748.687776916096
    yaw: 170.99979
    pitch: 12.2999935
  xp:
    world: world_the_end
    x: 42.88592823398214
    y: 1.0
    z: -296.1745306200467
    yaw: 241.49908
    pitch: 16.350008
  mario:
    world: world
    x: -463.55828951009534
    y: 96.0
    z: 283.9361033816017
    yaw: -14.284643
    pitch: 52.34997
lastlocation:
  world: world
  x: -2060.9482446202383
  y: 70.0
  z: 748.0703618400187
  yaw: 176.99966
  pitch: -15.000002
afk: false
