lastAccountName: luckdelli
timestamps:
  login: 1612266582685
  logout: 1612266578507
  lastteleport: 1612266106664
ipAddress: 147.32.96.50
logoutlocation:
  world: world
  x: -78.5
  y: 69.0
  z: 30.5
  yaw: -264.78363
  pitch: -5.2500253
homes:
  base:
    world: world
    x: -2063.2222951734793
    y: 70.0
    z: 748.687776916096
    yaw: 170.99979
    pitch: 12.2999935
  xp:
    world: world_the_end
    x: 42.88592823398214
    y: 1.0
    z: -296.1745306200467
    yaw: 241.49908
    pitch: 16.350008
  pil:
    world: world
    x: -3210.587751603909
    y: 78.0
    z: -970.3458444103178
    yaw: 346.8006
    pitch: 20.09996
lastlocation:
  world: world
  x: -2063.342788197183
  y: 70.0
  z: 743.2424249274138
  yaw: 183.44897
  pitch: 4.050006
afk: false
