lastAccountName: luckdelli
timestamps:
  login: 1611840199048
  logout: 1611844188010
  lastteleport: 1611783406238
ipAddress: 147.32.96.62
logoutlocation:
  world: world
  x: -2073.5481979105352
  y: 83.0
  z: 750.9756808532699
  yaw: 45.750244
  pitch: 29.99997
homes:
  base:
    world: world
    x: -2063.2222951734793
    y: 70.0
    z: 748.687776916096
    yaw: 170.99979
    pitch: 12.2999935
  xp:
    world: world_the_end
    x: 42.88592823398214
    y: 1.0
    z: -296.1745306200467
    yaw: 241.49908
    pitch: 16.350008
  pil:
    world: world
    x: -3210.587751603909
    y: 78.0
    z: -970.3458444103178
    yaw: 346.8006
    pitch: 20.09996
lastlocation:
  world: world
  x: -2074.300000011921
  y: 10.0
  z: 744.3665857295804
  yaw: 264.31226
  pitch: 11.849981
afk: false
