lastAccountName: luckdelli
timestamps:
  login: 1608560367330
  logout: 1608514606967
  lastteleport: 1608512941275
ipAddress: 147.32.96.50
logoutlocation:
  world: world
  x: -515.68793630853
  y: 97.0
  z: 402.4607038577435
  yaw: -38.803837
  pitch: 39.450005
homes:
  base:
    world: world
    x: -2063.2222951734793
    y: 70.0
    z: 748.687776916096
    yaw: 170.99979
    pitch: 12.2999935
  xp:
    world: world_the_end
    x: 42.88592823398214
    y: 1.0
    z: -296.1745306200467
    yaw: 241.49908
    pitch: 16.350008
  mario:
    world: world
    x: -454.9269317430982
    y: 92.0
    z: 285.6477853136434
    yaw: 358.96155
    pitch: 39.30002
lastlocation:
  world: world
  x: -2063.3793371953843
  y: 70.0
  z: 745.3889945883674
  yaw: 184.19972
  pitch: -23.700005
afk: false
