lastAccountName: luckdelli
timestamps:
  login: 1608505479961
  logout: 1608478332222
  lastteleport: 1608509127686
ipAddress: 147.32.96.50
logoutlocation:
  world: world
  x: -511.0201797491052
  y: 95.0
  z: 413.69999998807907
  yaw: -79.05017
  pitch: 34.199917
homes:
  base:
    world: world
    x: -2063.2222951734793
    y: 70.0
    z: 748.687776916096
    yaw: 170.99979
    pitch: 12.2999935
  xp:
    world: world_the_end
    x: 42.88592823398214
    y: 1.0
    z: -296.1745306200467
    yaw: 241.49908
    pitch: 16.350008
  mario:
    world: world
    x: -454.9269317430982
    y: 92.0
    z: 285.6477853136434
    yaw: 358.96155
    pitch: 39.30002
lastlocation:
  world: world_nether
  x: 51.32789289350586
  y: 98.0
  z: 193.63224004364452
  yaw: -118.67987
  pitch: 36.150055
afk: false
