lastAccountName: luckdelli
timestamps:
  login: 1611613459495
  logout: 1611615004757
  lastteleport: 1611528775731
ipAddress: 147.32.96.61
logoutlocation:
  world: world
  x: -2070.588835969122
  y: 12.0
  z: 733.4117087570589
  yaw: -33.570885
  pitch: -37.350056
homes:
  base:
    world: world
    x: -2063.2222951734793
    y: 70.0
    z: 748.687776916096
    yaw: 170.99979
    pitch: 12.2999935
  xp:
    world: world_the_end
    x: 42.88592823398214
    y: 1.0
    z: -296.1745306200467
    yaw: 241.49908
    pitch: 16.350008
  pil:
    world: world
    x: -3210.587751603909
    y: 78.0
    z: -970.3458444103178
    yaw: 346.8006
    pitch: 20.09996
lastlocation:
  world: world_moon
  x: -679.938839757825
  y: 68.0
  z: -262.2575335390641
  yaw: 49.650696
  pitch: -28.949505
afk: false
