lastAccountName: luckdelli
timestamps:
  login: 1607033176695
  logout: 1606954198645
  lastteleport: 1607036353585
ipAddress: 147.32.96.61
logoutlocation:
  world: world
  x: -68.30779752513615
  y: 46.0
  z: 72.69999998807907
  yaw: 194.51099
  pitch: -33.450012
homes:
  base:
    world: world
    x: -2063.2222951734793
    y: 70.0
    z: 748.687776916096
    yaw: 170.99979
    pitch: 12.2999935
  xp:
    world: world_the_end
    x: 42.88592823398214
    y: 1.0
    z: -296.1745306200467
    yaw: 241.49908
    pitch: 16.350008
lastlocation:
  world: world
  x: -2064.20202211739
  y: 70.0
  z: 745.6449700367939
  yaw: 191.69977
  pitch: 9.299964
afk: false
