lastAccountName: luckdelli
timestamps:
  login: 1608752957766
  logout: 1608758304493
  lastteleport: 1608755121002
ipAddress: 147.32.96.50
logoutlocation:
  world: world
  x: -599.6743083864017
  y: 41.0
  z: 400.6001181472159
  yaw: 253.65259
  pitch: 3.749987
homes:
  base:
    world: world
    x: -2063.2222951734793
    y: 70.0
    z: 748.687776916096
    yaw: 170.99979
    pitch: 12.2999935
  xp:
    world: world_the_end
    x: 42.88592823398214
    y: 1.0
    z: -296.1745306200467
    yaw: 241.49908
    pitch: 16.350008
  mario:
    world: world
    x: -454.9269317430982
    y: 92.0
    z: 285.6477853136434
    yaw: 358.96155
    pitch: 39.30002
lastlocation:
  world: world
  x: -2061.232534629632
  y: 70.0
  z: 737.1880839681382
  yaw: 179.55025
  pitch: 16.500072
afk: false
