world: lobby
x: 0.5
y: 64.0
z: 0.5
yaw: -89.85005
pitch: -4.499968
name: lobby
lastowner: fa7eb788-ccee-3656-80e8-806c8b6924bc
