world: world_1.17
x: 534.4435827025029
y: 71.0
z: -8091.63743388436
yaw: -179.6205
pitch: 2.2497656
name: mobswitch
lastowner: 6451977e-87e4-3b0e-9c1c-5511e9e02168
