world: a1ee5f20-9914-4a5a-9411-ac37dfcfb5f6
world-name: world_1.17_the_end
x: 904.5582559712822
y: 4.0
z: -62.74376793626212
yaw: 179.804931640625
pitch: -5.100144386291504
name: XP
lastowner: 6451977e-87e4-3b0e-9c1c-5511e9e02168
